Coefficients constant [W],Coefficients T [W/K],Coefficients j [W/(A/m^2)],T_start [K],T_end [K],j_start [A/m^2],j_end [A/m^2],Area [m^2],Temperature starts,Temperature ends,Current density starts,Current density ends
353.214923, -0.365257, 0.275448, 1073.000000, 1077.000000, 2000.000000, 2160.000000, 0.210000, 1073.000000, 1077.000000, 2000.000000, 2160.000000
411.416670, -0.425449, 0.278446, 1073.000000, 1077.000000, 2180.000000, 2340.000000, 0.210000, 1077.500000, 1081.500000, 2180.000000, 2340.000000
473.653100, -0.489820, 0.281409, 1073.000000, 1077.000000, 2360.000000, 2520.000000, 0.210000, 1082.000000, 1086.000000, 2360.000000, 2520.000000
539.824869, -0.558270, 0.284338, 1073.000000, 1077.000000, 2540.000000, 2700.000000, 0.210000, 1086.500000, 1090.500000, 2540.000000, 2700.000000
609.832846, -0.630699, 0.287236, 1073.000000, 1077.000000, 2720.000000, 2880.000000, 0.210000, 1091.000000, 1095.000000, 2720.000000, 2880.000000
683.579123, -0.707009, 0.290104, 1073.000000, 1077.000000, 2900.000000, 3060.000000, 0.210000, 1095.500000, 1099.500000, 2900.000000, 3060.000000
760.967869, -0.787102, 0.292941, 1073.000000, 1077.000000, 3080.000000, 3240.000000, 0.210000, 1100.000000, 1104.000000, 3080.000000, 3240.000000
841.906056, -0.870884, 0.295750, 1073.000000, 1077.000000, 3260.000000, 3420.000000, 0.210000, 1104.500000, 1108.500000, 3260.000000, 3420.000000
926.304030, -0.958267, 0.298531, 1073.000000, 1077.000000, 3440.000000, 3600.000000, 0.210000, 1109.000000, 1113.000000, 3440.000000, 3600.000000
1014.075971, -1.049161, 0.301285, 1073.000000, 1077.000000, 3620.000000, 3780.000000, 0.210000, 1113.500000, 1117.500000, 3620.000000, 3780.000000
1105.140223, -1.143486, 0.304012, 1073.000000, 1077.000000, 3800.000000, 3960.000000, 0.210000, 1118.000000, 1122.000000, 3800.000000, 3960.000000
1199.419523, -1.241164, 0.306713, 1073.000000, 1077.000000, 3980.000000, 4140.000000, 0.210000, 1122.500000, 1126.500000, 3980.000000, 4140.000000
1296.841140, -1.342120, 0.309389, 1073.000000, 1077.000000, 4160.000000, 4320.000000, 0.210000, 1127.000000, 1131.000000, 4160.000000, 4320.000000
1397.336928, -1.446287, 0.312041, 1073.000000, 1077.000000, 4340.000000, 4500.000000, 0.210000, 1131.500000, 1135.500000, 4340.000000, 4500.000000
1500.843309, -1.553599, 0.314670, 1073.000000, 1077.000000, 4520.000000, 4680.000000, 0.210000, 1136.000000, 1140.000000, 4520.000000, 4680.000000
1607.301209, -1.663998, 0.317276, 1073.000000, 1077.000000, 4700.000000, 4860.000000, 0.210000, 1140.500000, 1144.500000, 4700.000000, 4860.000000
1716.655941, -1.777428, 0.319859, 1073.000000, 1077.000000, 4880.000000, 5040.000000, 0.210000, 1145.000000, 1149.000000, 4880.000000, 5040.000000
1828.857050, -1.893838, 0.322422, 1073.000000, 1077.000000, 5060.000000, 5220.000000, 0.210000, 1149.500000, 1153.500000, 5060.000000, 5220.000000
1943.858142, -2.013181, 0.324963, 1073.000000, 1077.000000, 5240.000000, 5400.000000, 0.210000, 1154.000000, 1158.000000, 5240.000000, 5400.000000
2061.616679, -2.135415, 0.327485, 1073.000000, 1077.000000, 5420.000000, 5580.000000, 0.210000, 1158.500000, 1162.500000, 5420.000000, 5580.000000
2182.093775, -2.260500, 0.329988, 1073.000000, 1077.000000, 5600.000000, 5760.000000, 0.210000, 1163.000000, 1167.000000, 5600.000000, 5760.000000
2305.253979, -2.388400, 0.332472, 1073.000000, 1077.000000, 5780.000000, 5940.000000, 0.210000, 1167.500000, 1171.500000, 5780.000000, 5940.000000
2431.065052, -2.519082, 0.334938, 1073.000000, 1077.000000, 5960.000000, 6120.000000, 0.210000, 1172.000000, 1176.000000, 5960.000000, 6120.000000
2559.497749, -2.652518, 0.337387, 1073.000000, 1077.000000, 6140.000000, 6300.000000, 0.210000, 1176.500000, 1180.500000, 6140.000000, 6300.000000
2690.525609, -2.788680, 0.339819, 1073.000000, 1077.000000, 6320.000000, 6480.000000, 0.210000, 1181.000000, 1185.000000, 6320.000000, 6480.000000
2816.605958, -2.919735, 0.342101, 1073.000000, 1077.000000, 6500.000000, 6640.000000, 0.210000, 1185.500000, 1189.000000, 6500.000000, 6640.000000
2937.376597, -3.045289, 0.344236, 1073.000000, 1077.000000, 6660.000000, 6800.000000, 0.210000, 1189.500000, 1193.000000, 6660.000000, 6800.000000
3060.148979, -3.172948, 0.346360, 1073.000000, 1077.000000, 6820.000000, 6960.000000, 0.210000, 1193.500000, 1197.000000, 6820.000000, 6960.000000
3184.910634, -3.302699, 0.348472, 1073.000000, 1077.000000, 6980.000000, 7120.000000, 0.210000, 1197.500000, 1201.000000, 6980.000000, 7120.000000
3311.650271, -3.434530, 0.350573, 1073.000000, 1077.000000, 7140.000000, 7280.000000, 0.210000, 1201.500000, 1205.000000, 7140.000000, 7280.000000
3440.357679, -3.568433, 0.352663, 1073.000000, 1077.000000, 7300.000000, 7440.000000, 0.210000, 1205.500000, 1209.000000, 7300.000000, 7440.000000
3571.023646, -3.704396, 0.354743, 1073.000000, 1077.000000, 7460.000000, 7600.000000, 0.210000, 1209.500000, 1213.000000, 7460.000000, 7600.000000
3703.639878, -3.842412, 0.356812, 1073.000000, 1077.000000, 7620.000000, 7760.000000, 0.210000, 1213.500000, 1217.000000, 7620.000000, 7760.000000
3838.198926, -3.982473, 0.358873, 1073.000000, 1077.000000, 7780.000000, 7920.000000, 0.210000, 1217.500000, 1221.000000, 7780.000000, 7920.000000
3974.694116, -4.124572, 0.360923, 1073.000000, 1077.000000, 7940.000000, 8080.000000, 0.210000, 1221.500000, 1225.000000, 7940.000000, 8080.000000
4113.119483, -4.268704, 0.362965, 1073.000000, 1077.000000, 8100.000000, 8240.000000, 0.210000, 1225.500000, 1229.000000, 8100.000000, 8240.000000
4253.469711, -4.414862, 0.364998, 1073.000000, 1077.000000, 8260.000000, 8400.000000, 0.210000, 1229.500000, 1233.000000, 8260.000000, 8400.000000
4395.740080, -4.563043, 0.367022, 1073.000000, 1077.000000, 8420.000000, 8560.000000, 0.210000, 1233.500000, 1237.000000, 8420.000000, 8560.000000
4539.926412, -4.713242, 0.369038, 1073.000000, 1077.000000, 8580.000000, 8720.000000, 0.210000, 1237.500000, 1241.000000, 8580.000000, 8720.000000
4686.025024, -4.865455, 0.371046, 1073.000000, 1077.000000, 8740.000000, 8880.000000, 0.210000, 1241.500000, 1245.000000, 8740.000000, 8880.000000
4834.032683, -5.019679, 0.373046, 1073.000000, 1077.000000, 8900.000000, 9040.000000, 0.210000, 1245.500000, 1249.000000, 8900.000000, 9040.000000
4983.946568, -5.175911, 0.375039, 1073.000000, 1077.000000, 9060.000000, 9200.000000, 0.210000, 1249.500000, 1253.000000, 9060.000000, 9200.000000
5135.764231, -5.334149, 0.377025, 1073.000000, 1077.000000, 9220.000000, 9360.000000, 0.210000, 1253.500000, 1257.000000, 9220.000000, 9360.000000
5289.483561, -5.494390, 0.379004, 1073.000000, 1077.000000, 9380.000000, 9520.000000, 0.210000, 1257.500000, 1261.000000, 9380.000000, 9520.000000
5445.102759, -5.656633, 0.380975, 1073.000000, 1077.000000, 9540.000000, 9680.000000, 0.210000, 1261.500000, 1265.000000, 9540.000000, 9680.000000
5602.620299, -5.820876, 0.382941, 1073.000000, 1077.000000, 9700.000000, 9840.000000, 0.210000, 1265.500000, 1269.000000, 9700.000000, 9840.000000
5762.034912, -5.987118, 0.384900, 1073.000000, 1077.000000, 9860.000000, 10000.000000, 0.210000, 1269.500000, 1273.000000, 9860.000000, 10000.000000
338.411919, -0.348777, 0.274030, 1077.500000, 1081.500000, 2000.000000, 2160.000000, 0.210000
394.175420, -0.406250, 0.276923, 1077.500000, 1081.500000, 2180.000000, 2340.000000, 0.210000
453.840928, -0.467750, 0.279785, 1077.500000, 1081.500000, 2360.000000, 2520.000000, 0.210000
517.320134, -0.533189, 0.282616, 1077.500000, 1081.500000, 2540.000000, 2700.000000, 0.210000
584.524200, -0.602476, 0.285417, 1077.500000, 1081.500000, 2720.000000, 2880.000000, 0.210000
655.364659, -0.675523, 0.288190, 1077.500000, 1081.500000, 2900.000000, 3060.000000, 0.210000
729.754195, -0.752242, 0.290936, 1077.500000, 1081.500000, 3080.000000, 3240.000000, 0.210000
807.607316, -0.832547, 0.293655, 1077.500000, 1081.500000, 3260.000000, 3420.000000, 0.210000
888.840923, -0.916355, 0.296348, 1077.500000, 1081.500000, 3440.000000, 3600.000000, 0.210000
973.374766, -1.003585, 0.299016, 1077.500000, 1081.500000, 3620.000000, 3780.000000, 0.210000
1061.131816, -1.094159, 0.301659, 1077.500000, 1081.500000, 3800.000000, 3960.000000, 0.210000
1152.038533, -1.188004, 0.304278, 1077.500000, 1081.500000, 3980.000000, 4140.000000, 0.210000
1246.025064, -1.285049, 0.306875, 1077.500000, 1081.500000, 4160.000000, 4320.000000, 0.210000
1343.025368, -1.385229, 0.309448, 1077.500000, 1081.500000, 4340.000000, 4500.000000, 0.210000
1442.977269, -1.488480, 0.312000, 1077.500000, 1081.500000, 4520.000000, 4680.000000, 0.210000
1545.822465, -1.594743, 0.314530, 1077.500000, 1081.500000, 4700.000000, 4860.000000, 0.210000
1651.506487, -1.703965, 0.317039, 1077.500000, 1081.500000, 4880.000000, 5040.000000, 0.210000
1759.978620, -1.816094, 0.319529, 1077.500000, 1081.500000, 5060.000000, 5220.000000, 0.210000
1871.191794, -1.931083, 0.321999, 1077.500000, 1081.500000, 5240.000000, 5400.000000, 0.210000
1985.102454, -2.048888, 0.324450, 1077.500000, 1081.500000, 5420.000000, 5580.000000, 0.210000
2101.670409, -2.169468, 0.326882, 1077.500000, 1081.500000, 5600.000000, 5760.000000, 0.210000
2220.858671, -2.292787, 0.329297, 1077.500000, 1081.500000, 5780.000000, 5940.000000, 0.210000
2342.633283, -2.418810, 0.331695, 1077.500000, 1081.500000, 5960.000000, 6120.000000, 0.210000
2466.963149, -2.547506, 0.334077, 1077.500000, 1081.500000, 6140.000000, 6300.000000, 0.210000
2593.819853, -2.678846, 0.336442, 1077.500000, 1081.500000, 6320.000000, 6480.000000, 0.210000
2715.897049, -2.805271, 0.338662, 1077.500000, 1081.500000, 6500.000000, 6640.000000, 0.210000
2832.840388, -2.926396, 0.340739, 1077.500000, 1081.500000, 6660.000000, 6800.000000, 0.210000
2951.726907, -3.049557, 0.342804, 1077.500000, 1081.500000, 6820.000000, 6960.000000, 0.210000
3072.542690, -3.174739, 0.344858, 1077.500000, 1081.500000, 6980.000000, 7120.000000, 0.210000
3195.275011, -3.301931, 0.346902, 1077.500000, 1081.500000, 7140.000000, 7280.000000, 0.210000
3319.912248, -3.431119, 0.348935, 1077.500000, 1081.500000, 7300.000000, 7440.000000, 0.210000
3446.443806, -3.562294, 0.350958, 1077.500000, 1081.500000, 7460.000000, 7600.000000, 0.210000
3574.860041, -3.695445, 0.352971, 1077.500000, 1081.500000, 7620.000000, 7760.000000, 0.210000
3705.152194, -3.830564, 0.354975, 1077.500000, 1081.500000, 7780.000000, 7920.000000, 0.210000
3837.312322, -3.967643, 0.356970, 1077.500000, 1081.500000, 7940.000000, 8080.000000, 0.210000
3971.333235, -4.106675, 0.358955, 1077.500000, 1081.500000, 8100.000000, 8240.000000, 0.210000
4107.208441, -4.247652, 0.360932, 1077.500000, 1081.500000, 8260.000000, 8400.000000, 0.210000
4244.932087, -4.390570, 0.362901, 1077.500000, 1081.500000, 8420.000000, 8560.000000, 0.210000
4384.498914, -4.535423, 0.364861, 1077.500000, 1081.500000, 8580.000000, 8720.000000, 0.210000
4525.904204, -4.682206, 0.366814, 1077.500000, 1081.500000, 8740.000000, 8880.000000, 0.210000
4669.143736, -4.830915, 0.368759, 1077.500000, 1081.500000, 8900.000000, 9040.000000, 0.210000
4814.213751, -4.981545, 0.370697, 1077.500000, 1081.500000, 9060.000000, 9200.000000, 0.210000
4961.110906, -5.134095, 0.372627, 1077.500000, 1081.500000, 9220.000000, 9360.000000, 0.210000
5109.832243, -5.288560, 0.374551, 1077.500000, 1081.500000, 9380.000000, 9520.000000, 0.210000
5260.375158, -5.444939, 0.376468, 1077.500000, 1081.500000, 9540.000000, 9680.000000, 0.210000
5412.737364, -5.603228, 0.378378, 1077.500000, 1081.500000, 9700.000000, 9840.000000, 0.210000
5566.916872, -5.763426, 0.380282, 1077.500000, 1081.500000, 9860.000000, 10000.000000, 0.210000
324.336439, -0.333161, 0.272675, 1082.000000, 1086.000000, 2000.000000, 2160.000000, 0.210000
377.759492, -0.388037, 0.275469, 1082.000000, 1086.000000, 2180.000000, 2340.000000, 0.210000
434.951514, -0.446788, 0.278233, 1082.000000, 1086.000000, 2360.000000, 2520.000000, 0.210000
495.834369, -0.509337, 0.280968, 1082.000000, 1086.000000, 2540.000000, 2700.000000, 0.210000
560.328859, -0.575603, 0.283676, 1082.000000, 1086.000000, 2720.000000, 2880.000000, 0.210000
628.355512, -0.645507, 0.286358, 1082.000000, 1086.000000, 2900.000000, 3060.000000, 0.210000
699.835281, -0.718970, 0.289014, 1082.000000, 1086.000000, 3080.000000, 3240.000000, 0.210000
774.690160, -0.795914, 0.291646, 1082.000000, 1086.000000, 3260.000000, 3420.000000, 0.210000
852.843715, -0.876263, 0.294253, 1082.000000, 1086.000000, 3440.000000, 3600.000000, 0.210000
934.221536, -0.959941, 0.296838, 1082.000000, 1086.000000, 3620.000000, 3780.000000, 0.210000
1018.751606, -1.046877, 0.299399, 1082.000000, 1086.000000, 3800.000000, 3960.000000, 0.210000
1106.364603, -1.137002, 0.301939, 1082.000000, 1086.000000, 3980.000000, 4140.000000, 0.210000
1196.994127, -1.230248, 0.304457, 1082.000000, 1086.000000, 4160.000000, 4320.000000, 0.210000
1290.576868, -1.326552, 0.306954, 1082.000000, 1086.000000, 4340.000000, 4500.000000, 0.210000
1387.052718, -1.425855, 0.309430, 1082.000000, 1086.000000, 4520.000000, 4680.000000, 0.210000
1486.364830, -1.528100, 0.311887, 1082.000000, 1086.000000, 4700.000000, 4860.000000, 0.210000
1588.459641, -1.633232, 0.314324, 1082.000000, 1086.000000, 4880.000000, 5040.000000, 0.210000
1693.286849, -1.741201, 0.316742, 1082.000000, 1086.000000, 5060.000000, 5220.000000, 0.210000
1800.799363, -1.851961, 0.319142, 1082.000000, 1086.000000, 5240.000000, 5400.000000, 0.210000
1910.953232, -1.965467, 0.321524, 1082.000000, 1086.000000, 5420.000000, 5580.000000, 0.210000
2023.707546, -2.081678, 0.323889, 1082.000000, 1086.000000, 5600.000000, 5760.000000, 0.210000
2139.024324, -2.200556, 0.326237, 1082.000000, 1086.000000, 5780.000000, 5940.000000, 0.210000
2256.868395, -2.322066, 0.328568, 1082.000000, 1086.000000, 5960.000000, 6120.000000, 0.210000
2377.207261, -2.446175, 0.330884, 1082.000000, 1086.000000, 6140.000000, 6300.000000, 0.210000
2500.010962, -2.572854, 0.333185, 1082.000000, 1086.000000, 6320.000000, 6480.000000, 0.210000
2618.202656, -2.694807, 0.335344, 1082.000000, 1086.000000, 6500.000000, 6640.000000, 0.210000
2731.435172, -2.811659, 0.337364, 1082.000000, 1086.000000, 6660.000000, 6800.000000, 0.210000
2846.558022, -2.930484, 0.339373, 1082.000000, 1086.000000, 6820.000000, 6960.000000, 0.210000
2963.556014, -3.051266, 0.341372, 1082.000000, 1086.000000, 6980.000000, 7120.000000, 0.210000
3082.415136, -3.173992, 0.343360, 1082.000000, 1086.000000, 7140.000000, 7280.000000, 0.210000
3203.122479, -3.298648, 0.345338, 1082.000000, 1086.000000, 7300.000000, 7440.000000, 0.210000
3325.666168, -3.425223, 0.347306, 1082.000000, 1086.000000, 7460.000000, 7600.000000, 0.210000
3450.035298, -3.553706, 0.349265, 1082.000000, 1086.000000, 7620.000000, 7760.000000, 0.210000
3576.219866, -3.684086, 0.351215, 1082.000000, 1086.000000, 7780.000000, 7920.000000, 0.210000
3704.210713, -3.816355, 0.353155, 1082.000000, 1086.000000, 7940.000000, 8080.000000, 0.210000
3833.999462, -3.950504, 0.355087, 1082.000000, 1086.000000, 8100.000000, 8240.000000, 0.210000
3965.578467, -4.086525, 0.357011, 1082.000000, 1086.000000, 8260.000000, 8400.000000, 0.210000
4098.940760, -4.224412, 0.358926, 1082.000000, 1086.000000, 8420.000000, 8560.000000, 0.210000
4234.080000, -4.364158, 0.360833, 1082.000000, 1086.000000, 8580.000000, 8720.000000, 0.210000
4370.990428, -4.505757, 0.362733, 1082.000000, 1086.000000, 8740.000000, 8880.000000, 0.210000
4509.666823, -4.649204, 0.364625, 1082.000000, 1086.000000, 8900.000000, 9040.000000, 0.210000
4650.104464, -4.794495, 0.366509, 1082.000000, 1086.000000, 9060.000000, 9200.000000, 0.210000
4792.299088, -4.941624, 0.368387, 1082.000000, 1086.000000, 9220.000000, 9360.000000, 0.210000
4936.246856, -5.090589, 0.370258, 1082.000000, 1086.000000, 9380.000000, 9520.000000, 0.210000
5081.944323, -5.241386, 0.372122, 1082.000000, 1086.000000, 9540.000000, 9680.000000, 0.210000
5229.388401, -5.394012, 0.373980, 1082.000000, 1086.000000, 9700.000000, 9840.000000, 0.210000
5378.576336, -5.548463, 0.375832, 1082.000000, 1086.000000, 9860.000000, 10000.000000, 0.210000
310.958717, -0.318370, 0.271383, 1086.500000, 1090.500000, 2000.000000, 2160.000000, 0.210000
362.138032, -0.370766, 0.274081, 1086.500000, 1090.500000, 2180.000000, 2340.000000, 0.210000
416.953656, -0.426889, 0.276750, 1086.500000, 1090.500000, 2360.000000, 2520.000000, 0.210000
475.336745, -0.486668, 0.279393, 1086.500000, 1090.500000, 2540.000000, 2700.000000, 0.210000
537.217025, -0.550033, 0.282011, 1086.500000, 1090.500000, 2720.000000, 2880.000000, 0.210000
602.523482, -0.616914, 0.284604, 1086.500000, 1090.500000, 2900.000000, 3060.000000, 0.210000
671.184968, -0.687241, 0.287174, 1086.500000, 1090.500000, 3080.000000, 3240.000000, 0.210000
743.130761, -0.760941, 0.289721, 1086.500000, 1090.500000, 3260.000000, 3420.000000, 0.210000
818.291050, -0.837946, 0.292245, 1086.500000, 1090.500000, 3440.000000, 3600.000000, 0.210000
896.597357, -0.918187, 0.294748, 1086.500000, 1090.500000, 3620.000000, 3780.000000, 0.210000
977.982906, -1.001598, 0.297231, 1086.500000, 1090.500000, 3800.000000, 3960.000000, 0.210000
1062.382920, -1.088114, 0.299692, 1086.500000, 1090.500000, 3980.000000, 4140.000000, 0.210000
1149.734870, -1.177673, 0.302134, 1086.500000, 1090.500000, 4160.000000, 4320.000000, 0.210000
1239.978667, -1.270215, 0.304556, 1086.500000, 1090.500000, 4340.000000, 4500.000000, 0.210000
1333.056810, -1.365682, 0.306959, 1086.500000, 1090.500000, 4520.000000, 4680.000000, 0.210000
1428.914487, -1.464020, 0.309344, 1086.500000, 1090.500000, 4700.000000, 4860.000000, 0.210000
1527.499635, -1.565177, 0.311710, 1086.500000, 1090.500000, 4880.000000, 5040.000000, 0.210000
1628.762969, -1.669104, 0.314059, 1086.500000, 1090.500000, 5060.000000, 5220.000000, 0.210000
1732.657980, -1.775754, 0.316391, 1086.500000, 1090.500000, 5240.000000, 5400.000000, 0.210000
1839.140906, -1.885083, 0.318705, 1086.500000, 1090.500000, 5420.000000, 5580.000000, 0.210000
1948.170683, -1.997051, 0.321004, 1086.500000, 1090.500000, 5600.000000, 5760.000000, 0.210000
2059.708879, -2.111620, 0.323286, 1086.500000, 1090.500000, 5780.000000, 5940.000000, 0.210000
2173.719610, -2.228753, 0.325553, 1086.500000, 1090.500000, 5960.000000, 6120.000000, 0.210000
2290.169449, -2.348418, 0.327805, 1086.500000, 1090.500000, 6140.000000, 6300.000000, 0.210000
2409.027325, -2.470583, 0.330043, 1086.500000, 1090.500000, 6320.000000, 6480.000000, 0.210000
2523.439819, -2.588209, 0.332143, 1086.500000, 1090.500000, 6500.000000, 6640.000000, 0.210000
2633.066449, -2.700930, 0.334108, 1086.500000, 1090.500000, 6660.000000, 6800.000000, 0.210000
2744.535486, -2.815566, 0.336063, 1086.500000, 1090.500000, 6820.000000, 6960.000000, 0.210000
2857.830666, -2.932101, 0.338008, 1086.500000, 1090.500000, 6980.000000, 7120.000000, 0.210000
2972.936872, -3.050521, 0.339942, 1086.500000, 1090.500000, 7140.000000, 7280.000000, 0.210000
3089.840068, -3.170810, 0.341867, 1086.500000, 1090.500000, 7300.000000, 7440.000000, 0.210000
3208.527240, -3.292957, 0.343783, 1086.500000, 1090.500000, 7460.000000, 7600.000000, 0.210000
3328.986339, -3.416948, 0.345689, 1086.500000, 1090.500000, 7620.000000, 7760.000000, 0.210000
3451.206222, -3.542774, 0.347586, 1086.500000, 1090.500000, 7780.000000, 7920.000000, 0.210000
3575.176599, -3.670423, 0.349475, 1086.500000, 1090.500000, 7940.000000, 8080.000000, 0.210000
3700.887977, -3.799886, 0.351355, 1086.500000, 1090.500000, 8100.000000, 8240.000000, 0.210000
3828.331613, -3.931155, 0.353226, 1086.500000, 1090.500000, 8260.000000, 8400.000000, 0.210000
3957.499465, -4.064221, 0.355090, 1086.500000, 1090.500000, 8420.000000, 8560.000000, 0.210000
4088.384141, -4.199077, 0.356946, 1086.500000, 1090.500000, 8580.000000, 8720.000000, 0.210000
4220.978863, -4.335717, 0.358795, 1086.500000, 1090.500000, 8740.000000, 8880.000000, 0.210000
4355.277421, -4.474134, 0.360636, 1086.500000, 1090.500000, 8900.000000, 9040.000000, 0.210000
4491.274134, -4.614322, 0.362470, 1086.500000, 1090.500000, 9060.000000, 9200.000000, 0.210000
4628.963813, -4.756276, 0.364297, 1086.500000, 1090.500000, 9220.000000, 9360.000000, 0.210000
4768.341728, -4.899992, 0.366118, 1086.500000, 1090.500000, 9380.000000, 9520.000000, 0.210000
4909.403574, -5.045466, 0.367931, 1086.500000, 1090.500000, 9540.000000, 9680.000000, 0.210000
5052.145439, -5.192692, 0.369739, 1086.500000, 1090.500000, 9700.000000, 9840.000000, 0.210000
5196.563778, -5.341669, 0.371540, 1086.500000, 1090.500000, 9860.000000, 10000.000000, 0.210000
298.248824, -0.304364, 0.270149, 1091.000000, 1095.000000, 2000.000000, 2160.000000, 0.210000
347.279535, -0.354396, 0.272755, 1091.000000, 1095.000000, 2180.000000, 2340.000000, 0.210000
399.814943, -0.408007, 0.275334, 1091.000000, 1095.000000, 2360.000000, 2520.000000, 0.210000
455.794623, -0.465135, 0.277888, 1091.000000, 1095.000000, 2540.000000, 2700.000000, 0.210000
515.156488, -0.525719, 0.280418, 1091.000000, 1095.000000, 2720.000000, 2880.000000, 0.210000
577.837376, -0.589697, 0.282926, 1091.000000, 1095.000000, 2900.000000, 3060.000000, 0.210000
643.773587, -0.657005, 0.285412, 1091.000000, 1095.000000, 3080.000000, 3240.000000, 0.210000
712.901371, -0.727579, 0.287876, 1091.000000, 1095.000000, 3260.000000, 3420.000000, 0.210000
785.157365, -0.801357, 0.290321, 1091.000000, 1095.000000, 3440.000000, 3600.000000, 0.210000
860.478987, -0.878277, 0.292745, 1091.000000, 1095.000000, 3620.000000, 3780.000000, 0.210000
938.804773, -0.958277, 0.295150, 1091.000000, 1095.000000, 3800.000000, 3960.000000, 0.210000
1020.074677, -1.041297, 0.297536, 1091.000000, 1095.000000, 3980.000000, 4140.000000, 0.210000
1104.230315, -1.127281, 0.299903, 1091.000000, 1095.000000, 4160.000000, 4320.000000, 0.210000
1191.215173, -1.216171, 0.302252, 1091.000000, 1095.000000, 4340.000000, 4500.000000, 0.210000
1280.974771, -1.307914, 0.304584, 1091.000000, 1095.000000, 4520.000000, 4680.000000, 0.210000
1373.456791, -1.402457, 0.306898, 1091.000000, 1095.000000, 4700.000000, 4860.000000, 0.210000
1468.611170, -1.499751, 0.309196, 1091.000000, 1095.000000, 4880.000000, 5040.000000, 0.210000
1566.390160, -1.599749, 0.311476, 1091.000000, 1095.000000, 5060.000000, 5220.000000, 0.210000
1666.748362, -1.702405, 0.313741, 1091.000000, 1095.000000, 5240.000000, 5400.000000, 0.210000
1769.642737, -1.807676, 0.315990, 1091.000000, 1095.000000, 5420.000000, 5580.000000, 0.210000
1875.032594, -1.915522, 0.318224, 1091.000000, 1095.000000, 5600.000000, 5760.000000, 0.210000
1982.879557, -2.025905, 0.320443, 1091.000000, 1095.000000, 5780.000000, 5940.000000, 0.210000
2093.147524, -2.138790, 0.322647, 1091.000000, 1095.000000, 5960.000000, 6120.000000, 0.210000
2205.802606, -2.254142, 0.324837, 1091.000000, 1095.000000, 6140.000000, 6300.000000, 0.210000
2320.813061, -2.371929, 0.327013, 1091.000000, 1095.000000, 6320.000000, 6480.000000, 0.210000
2431.543411, -2.485362, 0.329056, 1091.000000, 1095.000000, 6500.000000, 6640.000000, 0.210000
2537.659536, -2.594083, 0.330968, 1091.000000, 1095.000000, 6660.000000, 6800.000000, 0.210000
2645.574263, -2.704666, 0.332870, 1091.000000, 1095.000000, 6820.000000, 6960.000000, 0.210000
2755.270484, -2.817094, 0.334762, 1091.000000, 1095.000000, 6980.000000, 7120.000000, 0.210000
2866.732182, -2.931353, 0.336645, 1091.000000, 1095.000000, 7140.000000, 7280.000000, 0.210000
2979.944382, -3.047426, 0.338518, 1091.000000, 1095.000000, 7300.000000, 7440.000000, 0.210000
3094.893099, -3.165300, 0.340382, 1091.000000, 1095.000000, 7460.000000, 7600.000000, 0.210000
3211.565290, -3.284961, 0.342237, 1091.000000, 1095.000000, 7620.000000, 7760.000000, 0.210000
3329.948804, -3.406399, 0.344084, 1091.000000, 1095.000000, 7780.000000, 7920.000000, 0.210000
3450.032337, -3.529602, 0.345922, 1091.000000, 1095.000000, 7940.000000, 8080.000000, 0.210000
3571.805379, -3.654558, 0.347752, 1091.000000, 1095.000000, 8100.000000, 8240.000000, 0.210000
3695.258177, -3.781260, 0.349574, 1091.000000, 1095.000000, 8260.000000, 8400.000000, 0.210000
3820.381683, -3.909697, 0.351388, 1091.000000, 1095.000000, 8420.000000, 8560.000000, 0.210000
3947.167519, -4.039861, 0.353195, 1091.000000, 1095.000000, 8580.000000, 8720.000000, 0.210000
4075.607934, -4.171744, 0.354994, 1091.000000, 1095.000000, 8740.000000, 8880.000000, 0.210000
4205.695764, -4.305340, 0.356787, 1091.000000, 1095.000000, 8900.000000, 9040.000000, 0.210000
4337.424397, -4.440642, 0.358572, 1091.000000, 1095.000000, 9060.000000, 9200.000000, 0.210000
4470.787736, -4.577644, 0.360350, 1091.000000, 1095.000000, 9220.000000, 9360.000000, 0.210000
4605.780171, -4.716340, 0.362122, 1091.000000, 1095.000000, 9380.000000, 9520.000000, 0.210000
4742.396539, -4.856725, 0.363888, 1091.000000, 1095.000000, 9540.000000, 9680.000000, 0.210000
4880.632102, -4.998795, 0.365647, 1091.000000, 1095.000000, 9700.000000, 9840.000000, 0.210000
5020.482513, -5.142545, 0.367400, 1091.000000, 1095.000000, 9860.000000, 10000.000000, 0.210000
286.176955, -0.291104, 0.268971, 1095.500000, 1099.500000, 2000.000000, 2160.000000, 0.210000
333.152204, -0.338884, 0.271488, 1095.500000, 1099.500000, 2180.000000, 2340.000000, 0.210000
383.502180, -0.390097, 0.273980, 1095.500000, 1099.500000, 2360.000000, 2520.000000, 0.210000
437.174032, -0.444691, 0.276449, 1095.500000, 1099.500000, 2540.000000, 2700.000000, 0.210000
494.113118, -0.502612, 0.278895, 1095.500000, 1099.500000, 2720.000000, 2880.000000, 0.210000
554.263501, -0.563804, 0.281320, 1095.500000, 1099.500000, 2900.000000, 3060.000000, 0.210000
617.568416, -0.628212, 0.283725, 1095.500000, 1099.500000, 3080.000000, 3240.000000, 0.210000
683.970697, -0.695778, 0.286110, 1095.500000, 1099.500000, 3260.000000, 3420.000000, 0.210000
753.413161, -0.766446, 0.288476, 1095.500000, 1099.500000, 3440.000000, 3600.000000, 0.210000
825.838965, -0.840159, 0.290824, 1095.500000, 1099.500000, 3620.000000, 3780.000000, 0.210000
901.191917, -0.916863, 0.293154, 1095.500000, 1099.500000, 3800.000000, 3960.000000, 0.210000
979.416756, -0.996502, 0.295466, 1095.500000, 1099.500000, 3980.000000, 4140.000000, 0.210000
1060.459389, -1.079023, 0.297761, 1095.500000, 1099.500000, 4160.000000, 4320.000000, 0.210000
1144.267102, -1.164374, 0.300039, 1095.500000, 1099.500000, 4340.000000, 4500.000000, 0.210000
1230.788730, -1.252503, 0.302301, 1095.500000, 1099.500000, 4520.000000, 4680.000000, 0.210000
1319.974798, -1.343363, 0.304547, 1095.500000, 1099.500000, 4700.000000, 4860.000000, 0.210000
1411.777636, -1.436906, 0.306777, 1095.500000, 1099.500000, 4880.000000, 5040.000000, 0.210000
1506.151457, -1.533086, 0.308991, 1095.500000, 1099.500000, 5060.000000, 5220.000000, 0.210000
1603.052425, -1.631860, 0.311191, 1095.500000, 1099.500000, 5240.000000, 5400.000000, 0.210000
1702.438686, -1.733187, 0.313376, 1095.500000, 1099.500000, 5420.000000, 5580.000000, 0.210000
1804.270390, -1.837028, 0.315546, 1095.500000, 1099.500000, 5600.000000, 5760.000000, 0.210000
1908.509689, -1.943345, 0.317703, 1095.500000, 1099.500000, 5780.000000, 5940.000000, 0.210000
2015.120719, -2.052101, 0.319846, 1095.500000, 1099.500000, 5960.000000, 6120.000000, 0.210000
2124.069579, -2.163265, 0.321975, 1095.500000, 1099.500000, 6140.000000, 6300.000000, 0.210000
2235.324286, -2.276804, 0.324092, 1095.500000, 1099.500000, 6320.000000, 6480.000000, 0.210000
2342.462281, -2.386170, 0.326079, 1095.500000, 1099.500000, 6500.000000, 6640.000000, 0.210000
2445.155624, -2.491011, 0.327939, 1095.500000, 1099.500000, 6660.000000, 6800.000000, 0.210000
2549.607112, -2.597665, 0.329790, 1095.500000, 1099.500000, 6820.000000, 6960.000000, 0.210000
2655.799030, -2.706116, 0.331631, 1095.500000, 1099.500000, 6980.000000, 7120.000000, 0.210000
2763.714688, -2.816347, 0.333463, 1095.500000, 1099.500000, 7140.000000, 7280.000000, 0.210000
2873.338374, -2.928341, 0.335286, 1095.500000, 1099.500000, 7300.000000, 7440.000000, 0.210000
2984.655325, -3.042085, 0.337100, 1095.500000, 1099.500000, 7460.000000, 7600.000000, 0.210000
3097.651675, -3.157565, 0.338906, 1095.500000, 1099.500000, 7620.000000, 7760.000000, 0.210000
3212.314424, -3.274768, 0.340704, 1095.500000, 1099.500000, 7780.000000, 7920.000000, 0.210000
3328.631392, -3.393681, 0.342493, 1095.500000, 1099.500000, 7940.000000, 8080.000000, 0.210000
3446.591181, -3.514294, 0.344275, 1095.500000, 1099.500000, 8100.000000, 8240.000000, 0.210000
3566.183138, -3.636596, 0.346049, 1095.500000, 1099.500000, 8260.000000, 8400.000000, 0.210000
3687.397312, -3.760577, 0.347815, 1095.500000, 1099.500000, 8420.000000, 8560.000000, 0.210000
3810.224421, -3.886229, 0.349574, 1095.500000, 1099.500000, 8580.000000, 8720.000000, 0.210000
3934.655814, -4.013541, 0.351326, 1095.500000, 1099.500000, 8740.000000, 8880.000000, 0.210000
4060.683436, -4.142508, 0.353071, 1095.500000, 1099.500000, 8900.000000, 9040.000000, 0.210000
4188.299798, -4.273120, 0.354809, 1095.500000, 1099.500000, 9060.000000, 9200.000000, 0.210000
4317.497937, -4.405372, 0.356541, 1095.500000, 1099.500000, 9220.000000, 9360.000000, 0.210000
4448.271392, -4.539256, 0.358266, 1095.500000, 1099.500000, 9380.000000, 9520.000000, 0.210000
4580.614172, -4.674767, 0.359985, 1095.500000, 1099.500000, 9540.000000, 9680.000000, 0.210000
4714.520727, -4.811900, 0.361698, 1095.500000, 1099.500000, 9700.000000, 9840.000000, 0.210000
4849.985920, -4.950650, 0.363405, 1095.500000, 1099.500000, 9860.000000, 10000.000000, 0.210000
274.713661, -0.278553, 0.267845, 1100.000000, 1104.000000, 2000.000000, 2160.000000, 0.210000
319.724260, -0.324188, 0.270278, 1100.000000, 1104.000000, 2180.000000, 2340.000000, 0.210000
367.981765, -0.373115, 0.272687, 1100.000000, 1104.000000, 2360.000000, 2520.000000, 0.210000
419.440104, -0.425289, 0.275073, 1100.000000, 1104.000000, 2540.000000, 2700.000000, 0.210000
474.051354, -0.480662, 0.277439, 1100.000000, 1104.000000, 2720.000000, 2880.000000, 0.210000
531.766170, -0.539185, 0.279784, 1100.000000, 1104.000000, 2900.000000, 3060.000000, 0.210000
592.534183, -0.600809, 0.282111, 1100.000000, 1104.000000, 3080.000000, 3240.000000, 0.210000
656.304368, -0.665484, 0.284419, 1100.000000, 1104.000000, 3260.000000, 3420.000000, 0.210000
723.025387, -0.733159, 0.286709, 1100.000000, 1104.000000, 3440.000000, 3600.000000, 0.210000
792.645896, -0.803782, 0.288983, 1100.000000, 1104.000000, 3620.000000, 3780.000000, 0.210000
865.114833, -0.877305, 0.291240, 1100.000000, 1104.000000, 3800.000000, 3960.000000, 0.210000
940.381673, -0.953676, 0.293480, 1100.000000, 1104.000000, 3980.000000, 4140.000000, 0.210000
1018.396653, -1.032848, 0.295705, 1100.000000, 1104.000000, 4160.000000, 4320.000000, 0.210000
1099.110968, -1.114771, 0.297914, 1100.000000, 1104.000000, 4340.000000, 4500.000000, 0.210000
1182.476951, -1.199399, 0.300108, 1100.000000, 1104.000000, 4520.000000, 4680.000000, 0.210000
1268.448211, -1.286686, 0.302287, 1100.000000, 1104.000000, 4700.000000, 4860.000000, 0.210000
1356.979759, -1.376588, 0.304451, 1100.000000, 1104.000000, 4880.000000, 5040.000000, 0.210000
1448.028105, -1.469062, 0.306601, 1100.000000, 1104.000000, 5060.000000, 5220.000000, 0.210000
1541.551336, -1.564067, 0.308737, 1100.000000, 1104.000000, 5240.000000, 5400.000000, 0.210000
1637.509171, -1.661562, 0.310860, 1100.000000, 1104.000000, 5420.000000, 5580.000000, 0.210000
1735.863005, -1.761510, 0.312969, 1100.000000, 1104.000000, 5600.000000, 5760.000000, 0.210000
1836.575926, -1.863875, 0.315064, 1100.000000, 1104.000000, 5780.000000, 5940.000000, 0.210000
1939.612729, -1.968621, 0.317147, 1100.000000, 1104.000000, 5960.000000, 6120.000000, 0.210000
2044.939909, -2.075716, 0.319218, 1100.000000, 1104.000000, 6140.000000, 6300.000000, 0.210000
2152.525644, -2.185128, 0.321276, 1100.000000, 1104.000000, 6320.000000, 6480.000000, 0.210000
2256.155616, -2.290544, 0.323209, 1100.000000, 1104.000000, 6500.000000, 6640.000000, 0.210000
2355.508004, -2.391619, 0.325018, 1100.000000, 1104.000000, 6660.000000, 6800.000000, 0.210000
2456.580694, -2.494463, 0.326819, 1100.000000, 1104.000000, 6820.000000, 6960.000000, 0.210000
2559.355609, -2.599056, 0.328610, 1100.000000, 1104.000000, 6980.000000, 7120.000000, 0.210000
2663.815611, -2.705383, 0.330393, 1100.000000, 1104.000000, 7140.000000, 7280.000000, 0.210000
2769.944474, -2.813426, 0.332168, 1100.000000, 1104.000000, 7300.000000, 7440.000000, 0.210000
2877.726853, -2.923172, 0.333934, 1100.000000, 1104.000000, 7460.000000, 7600.000000, 0.210000
2987.148253, -3.034605, 0.335692, 1100.000000, 1104.000000, 7620.000000, 7760.000000, 0.210000
3098.194997, -3.147712, 0.337442, 1100.000000, 1104.000000, 7780.000000, 7920.000000, 0.210000
3210.854192, -3.262481, 0.339184, 1100.000000, 1104.000000, 7940.000000, 8080.000000, 0.210000
3325.113698, -3.378899, 0.340918, 1100.000000, 1104.000000, 8100.000000, 8240.000000, 0.210000
3440.962096, -3.496955, 0.342646, 1100.000000, 1104.000000, 8260.000000, 8400.000000, 0.210000
3558.388651, -3.616639, 0.344366, 1100.000000, 1104.000000, 8420.000000, 8560.000000, 0.210000
3677.383288, -3.737941, 0.346079, 1100.000000, 1104.000000, 8580.000000, 8720.000000, 0.210000
3797.936553, -3.860852, 0.347785, 1100.000000, 1104.000000, 8740.000000, 8880.000000, 0.210000
3920.039586, -3.985362, 0.349484, 1100.000000, 1104.000000, 8900.000000, 9040.000000, 0.210000
4043.684092, -4.111464, 0.351177, 1100.000000, 1104.000000, 9060.000000, 9200.000000, 0.210000
4168.862309, -4.239149, 0.352863, 1100.000000, 1104.000000, 9220.000000, 9360.000000, 0.210000
4295.566983, -4.368412, 0.354543, 1100.000000, 1104.000000, 9380.000000, 9520.000000, 0.210000
4423.791337, -4.499245, 0.356217, 1100.000000, 1104.000000, 9540.000000, 9680.000000, 0.210000
4553.529051, -4.631642, 0.357886, 1100.000000, 1104.000000, 9700.000000, 9840.000000, 0.210000
4684.774228, -4.765597, 0.359548, 1100.000000, 1104.000000, 9860.000000, 10000.000000, 0.210000
263.830045, -0.266672, 0.266771, 1104.500000, 1108.500000, 2000.000000, 2160.000000, 0.210000
306.964204, -0.310267, 0.269123, 1104.500000, 1108.500000, 2180.000000, 2340.000000, 0.210000
353.220029, -0.357016, 0.271451, 1104.500000, 1108.500000, 2360.000000, 2520.000000, 0.210000
402.557478, -0.406880, 0.273759, 1104.500000, 1108.500000, 2540.000000, 2700.000000, 0.210000
454.934661, -0.459818, 0.276046, 1104.500000, 1108.500000, 2720.000000, 2880.000000, 0.210000
510.308201, -0.515788, 0.278315, 1104.500000, 1108.500000, 2900.000000, 3060.000000, 0.210000
568.633577, -0.574744, 0.280566, 1104.500000, 1108.500000, 3080.000000, 3240.000000, 0.210000
629.865441, -0.636644, 0.282800, 1104.500000, 1108.500000, 3260.000000, 3420.000000, 0.210000
693.957909, -0.701441, 0.285017, 1104.500000, 1108.500000, 3440.000000, 3600.000000, 0.210000
760.864844, -0.769090, 0.287219, 1104.500000, 1108.500000, 3620.000000, 3780.000000, 0.210000
830.540096, -0.839547, 0.289405, 1104.500000, 1108.500000, 3800.000000, 3960.000000, 0.210000
902.937745, -0.912765, 0.291576, 1104.500000, 1108.500000, 3980.000000, 4140.000000, 0.210000
978.012298, -0.988701, 0.293732, 1104.500000, 1108.500000, 4160.000000, 4320.000000, 0.210000
1055.718881, -1.067309, 0.295874, 1104.500000, 1108.500000, 4340.000000, 4500.000000, 0.210000
1136.013404, -1.148548, 0.298002, 1104.500000, 1108.500000, 4520.000000, 4680.000000, 0.210000
1218.852704, -1.232374, 0.300115, 1104.500000, 1108.500000, 4700.000000, 4860.000000, 0.210000
1304.194668, -1.318746, 0.302216, 1104.500000, 1108.500000, 4880.000000, 5040.000000, 0.210000
1391.998341, -1.407624, 0.304303, 1104.500000, 1108.500000, 5060.000000, 5220.000000, 0.210000
1482.224011, -1.498969, 0.306377, 1104.500000, 1108.500000, 5240.000000, 5400.000000, 0.210000
1574.833278, -1.592743, 0.308438, 1104.500000, 1108.500000, 5420.000000, 5580.000000, 0.210000
1669.789110, -1.688910, 0.310487, 1104.500000, 1108.500000, 5600.000000, 5760.000000, 0.210000
1767.055885, -1.787435, 0.312524, 1104.500000, 1108.500000, 5780.000000, 5940.000000, 0.210000
1866.599409, -1.888284, 0.314548, 1104.500000, 1108.500000, 5960.000000, 6120.000000, 0.210000
1968.386942, -1.991426, 0.316561, 1104.500000, 1108.500000, 6140.000000, 6300.000000, 0.210000
2072.387190, -2.096829, 0.318563, 1104.500000, 1108.500000, 6320.000000, 6480.000000, 0.210000
2172.589623, -2.198407, 0.320442, 1104.500000, 1108.500000, 6500.000000, 6640.000000, 0.210000
2268.678569, -2.295825, 0.322203, 1104.500000, 1108.500000, 6660.000000, 6800.000000, 0.210000
2366.451919, -2.394968, 0.323954, 1104.500000, 1108.500000, 6820.000000, 6960.000000, 0.210000
2465.891467, -2.495817, 0.325697, 1104.500000, 1108.500000, 6980.000000, 7120.000000, 0.210000
2566.979857, -2.598356, 0.327432, 1104.500000, 1108.500000, 7140.000000, 7280.000000, 0.210000
2669.700566, -2.702567, 0.329159, 1104.500000, 1108.500000, 7300.000000, 7440.000000, 0.210000
2774.037877, -2.808436, 0.330878, 1104.500000, 1108.500000, 7460.000000, 7600.000000, 0.210000
2879.976859, -2.915948, 0.332590, 1104.500000, 1108.500000, 7620.000000, 7760.000000, 0.210000
2987.503343, -3.025089, 0.334293, 1104.500000, 1108.500000, 7780.000000, 7920.000000, 0.210000
3096.603899, -3.135846, 0.335990, 1104.500000, 1108.500000, 7940.000000, 8080.000000, 0.210000
3207.265805, -3.248206, 0.337679, 1104.500000, 1108.500000, 8100.000000, 8240.000000, 0.210000
3319.477025, -3.362158, 0.339361, 1104.500000, 1108.500000, 8260.000000, 8400.000000, 0.210000
3433.226183, -3.477690, 0.341036, 1104.500000, 1108.500000, 8420.000000, 8560.000000, 0.210000
3548.502532, -3.594792, 0.342704, 1104.500000, 1108.500000, 8580.000000, 8720.000000, 0.210000
3665.295934, -3.713454, 0.344366, 1104.500000, 1108.500000, 8740.000000, 8880.000000, 0.210000
3783.596830, -3.833667, 0.346021, 1104.500000, 1108.500000, 8900.000000, 9040.000000, 0.210000
3903.396213, -3.955421, 0.347670, 1104.500000, 1108.500000, 9060.000000, 9200.000000, 0.210000
4024.685607, -4.078709, 0.349312, 1104.500000, 1108.500000, 9220.000000, 9360.000000, 0.210000
4147.457039, -4.203523, 0.350949, 1104.500000, 1108.500000, 9380.000000, 9520.000000, 0.210000
4271.703016, -4.329855, 0.352580, 1104.500000, 1108.500000, 9540.000000, 9680.000000, 0.210000
4397.416503, -4.457699, 0.354205, 1104.500000, 1108.500000, 9700.000000, 9840.000000, 0.210000
4524.590895, -4.587048, 0.355824, 1104.500000, 1108.500000, 9860.000000, 10000.000000, 0.210000
253.497917, -0.255427, 0.265744, 1109.000000, 1113.000000, 2000.000000, 2160.000000, 0.210000
294.841041, -0.297082, 0.268019, 1109.000000, 1113.000000, 2180.000000, 2340.000000, 0.210000
339.183517, -0.341757, 0.270270, 1109.000000, 1113.000000, 2360.000000, 2520.000000, 0.210000
386.490653, -0.389419, 0.272502, 1109.000000, 1113.000000, 2540.000000, 2700.000000, 0.210000
436.725942, -0.440033, 0.274715, 1109.000000, 1113.000000, 2720.000000, 2880.000000, 0.210000
489.851381, -0.493560, 0.276910, 1109.000000, 1113.000000, 2900.000000, 3060.000000, 0.210000
545.827755, -0.549962, 0.279088, 1109.000000, 1113.000000, 3080.000000, 3240.000000, 0.210000
604.614914, -0.609201, 0.281250, 1109.000000, 1113.000000, 3260.000000, 3420.000000, 0.210000
666.172025, -0.671235, 0.283397, 1109.000000, 1113.000000, 3440.000000, 3600.000000, 0.210000
730.457813, -0.736026, 0.285529, 1109.000000, 1113.000000, 3620.000000, 3780.000000, 0.210000
797.430778, -0.803531, 0.287646, 1109.000000, 1113.000000, 3800.000000, 3960.000000, 0.210000
867.049404, -0.873710, 0.289750, 1109.000000, 1113.000000, 3980.000000, 4140.000000, 0.210000
939.272342, -0.946524, 0.291840, 1109.000000, 1113.000000, 4160.000000, 4320.000000, 0.210000
1014.058587, -1.021931, 0.293916, 1109.000000, 1113.000000, 4340.000000, 4500.000000, 0.210000
1091.367625, -1.099892, 0.295980, 1109.000000, 1113.000000, 4520.000000, 4680.000000, 0.210000
1171.159577, -1.180369, 0.298030, 1109.000000, 1113.000000, 4700.000000, 4860.000000, 0.210000
1253.395314, -1.263322, 0.300068, 1109.000000, 1113.000000, 4880.000000, 5040.000000, 0.210000
1338.036571, -1.348715, 0.302094, 1109.000000, 1113.000000, 5060.000000, 5220.000000, 0.210000
1425.046031, -1.436511, 0.304108, 1109.000000, 1113.000000, 5240.000000, 5400.000000, 0.210000
1514.387403, -1.526674, 0.306110, 1109.000000, 1113.000000, 5420.000000, 5580.000000, 0.210000
1606.025490, -1.619170, 0.308100, 1109.000000, 1113.000000, 5600.000000, 5760.000000, 0.210000
1699.926233, -1.713966, 0.310079, 1109.000000, 1113.000000, 5780.000000, 5940.000000, 0.210000
1796.056755, -1.811029, 0.312046, 1109.000000, 1113.000000, 5960.000000, 6120.000000, 0.210000
1894.385386, -1.910329, 0.314003, 1109.000000, 1113.000000, 6140.000000, 6300.000000, 0.210000
1994.881685, -2.011836, 0.315949, 1109.000000, 1113.000000, 6320.000000, 6480.000000, 0.210000
2091.734585, -2.109686, 0.317777, 1109.000000, 1113.000000, 6500.000000, 6640.000000, 0.210000
2184.634672, -2.203551, 0.319489, 1109.000000, 1113.000000, 6660.000000, 6800.000000, 0.210000
2279.184611, -2.299099, 0.321193, 1109.000000, 1113.000000, 6820.000000, 6960.000000, 0.210000
2375.366290, -2.396312, 0.322889, 1109.000000, 1113.000000, 6980.000000, 7120.000000, 0.210000
2473.162355, -2.495172, 0.324577, 1109.000000, 1113.000000, 7140.000000, 7280.000000, 0.210000
2572.556193, -2.595663, 0.326258, 1109.000000, 1113.000000, 7300.000000, 7440.000000, 0.210000
2673.531919, -2.697770, 0.327931, 1109.000000, 1113.000000, 7460.000000, 7600.000000, 0.210000
2776.074365, -2.801479, 0.329597, 1109.000000, 1113.000000, 7620.000000, 7760.000000, 0.210000
2880.169059, -2.906774, 0.331256, 1109.000000, 1113.000000, 7780.000000, 7920.000000, 0.210000
2985.802210, -3.013642, 0.332907, 1109.000000, 1113.000000, 7940.000000, 8080.000000, 0.210000
3092.960684, -3.122071, 0.334552, 1109.000000, 1113.000000, 8100.000000, 8240.000000, 0.210000
3201.631989, -3.232048, 0.336190, 1109.000000, 1113.000000, 8260.000000, 8400.000000, 0.210000
3311.804256, -3.343562, 0.337821, 1109.000000, 1113.000000, 8420.000000, 8560.000000, 0.210000
3423.466209, -3.456602, 0.339446, 1109.000000, 1113.000000, 8580.000000, 8720.000000, 0.210000
3536.607154, -3.571158, 0.341065, 1109.000000, 1113.000000, 8740.000000, 8880.000000, 0.210000
3651.216953, -3.687218, 0.342677, 1109.000000, 1113.000000, 8900.000000, 9040.000000, 0.210000
3767.286001, -3.804775, 0.344283, 1109.000000, 1113.000000, 9060.000000, 9200.000000, 0.210000
3884.805207, -3.923819, 0.345884, 1109.000000, 1113.000000, 9220.000000, 9360.000000, 0.210000
4003.765975, -4.044342, 0.347478, 1109.000000, 1113.000000, 9380.000000, 9520.000000, 0.210000
4124.160178, -4.166336, 0.349067, 1109.000000, 1113.000000, 9540.000000, 9680.000000, 0.210000
4245.980142, -4.289793, 0.350650, 1109.000000, 1113.000000, 9700.000000, 9840.000000, 0.210000
4369.218623, -4.414707, 0.352228, 1109.000000, 1113.000000, 9860.000000, 10000.000000, 0.210000
243.689916, -0.244784, 0.264763, 1113.500000, 1117.500000, 2000.000000, 2160.000000, 0.210000
283.324448, -0.284594, 0.266963, 1113.500000, 1117.500000, 2180.000000, 2340.000000, 0.210000
325.839231, -0.327296, 0.269142, 1113.500000, 1117.500000, 2360.000000, 2520.000000, 0.210000
371.204291, -0.372860, 0.271301, 1113.500000, 1117.500000, 2540.000000, 2700.000000, 0.210000
419.387910, -0.421256, 0.273441, 1113.500000, 1117.500000, 2720.000000, 2880.000000, 0.210000
470.356892, -0.472450, 0.275565, 1113.500000, 1117.500000, 2900.000000, 3060.000000, 0.210000
524.076810, -0.526409, 0.277674, 1113.500000, 1117.500000, 3080.000000, 3240.000000, 0.210000
580.512241, -0.583099, 0.279767, 1113.500000, 1117.500000, 3260.000000, 3420.000000, 0.210000
639.626983, -0.642484, 0.281845, 1113.500000, 1117.500000, 3440.000000, 3600.000000, 0.210000
701.384264, -0.704529, 0.283910, 1113.500000, 1117.500000, 3620.000000, 3780.000000, 0.210000
765.746931, -0.769197, 0.285961, 1113.500000, 1117.500000, 3800.000000, 3960.000000, 0.210000
832.677630, -0.836451, 0.287999, 1113.500000, 1117.500000, 3980.000000, 4140.000000, 0.210000
902.138976, -0.906256, 0.290025, 1113.500000, 1117.500000, 4160.000000, 4320.000000, 0.210000
974.093705, -0.978575, 0.292038, 1113.500000, 1117.500000, 4340.000000, 4500.000000, 0.210000
1048.504812, -1.053371, 0.294039, 1113.500000, 1117.500000, 4520.000000, 4680.000000, 0.210000
1125.335685, -1.130610, 0.296028, 1113.500000, 1117.500000, 4700.000000, 4860.000000, 0.210000
1204.550216, -1.210256, 0.298006, 1113.500000, 1117.500000, 4880.000000, 5040.000000, 0.210000
1286.112903, -1.292274, 0.299972, 1113.500000, 1117.500000, 5060.000000, 5220.000000, 0.210000
1369.988944, -1.376631, 0.301927, 1113.500000, 1117.500000, 5240.000000, 5400.000000, 0.210000
1456.144316, -1.463293, 0.303871, 1113.500000, 1117.500000, 5420.000000, 5580.000000, 0.210000
1544.545838, -1.552228, 0.305804, 1113.500000, 1117.500000, 5600.000000, 5760.000000, 0.210000
1635.161234, -1.643405, 0.307726, 1113.500000, 1117.500000, 5780.000000, 5940.000000, 0.210000
1727.959173, -1.736792, 0.309638, 1113.500000, 1117.500000, 5960.000000, 6120.000000, 0.210000
1822.909315, -1.832362, 0.311540, 1113.500000, 1117.500000, 6140.000000, 6300.000000, 0.210000
1919.982333, -1.930084, 0.313432, 1113.500000, 1117.500000, 6320.000000, 6480.000000, 0.210000
2013.562363, -2.024311, 0.315209, 1113.500000, 1117.500000, 6500.000000, 6640.000000, 0.210000
2103.346404, -2.114725, 0.316874, 1113.500000, 1117.500000, 6660.000000, 6800.000000, 0.210000
2194.746578, -2.206780, 0.318532, 1113.500000, 1117.500000, 6820.000000, 6960.000000, 0.210000
2287.745073, -2.300459, 0.320182, 1113.500000, 1117.500000, 6980.000000, 7120.000000, 0.210000
2382.324731, -2.395746, 0.321824, 1113.500000, 1117.500000, 7140.000000, 7280.000000, 0.210000
2478.469051, -2.492624, 0.323460, 1113.500000, 1117.500000, 7300.000000, 7440.000000, 0.210000
2576.162176, -2.591078, 0.325088, 1113.500000, 1117.500000, 7460.000000, 7600.000000, 0.210000
2675.388886, -2.691094, 0.326710, 1113.500000, 1117.500000, 7620.000000, 7760.000000, 0.210000
2776.134591, -2.792656, 0.328325, 1113.500000, 1117.500000, 7780.000000, 7920.000000, 0.210000
2878.385316, -2.895752, 0.329933, 1113.500000, 1117.500000, 7940.000000, 8080.000000, 0.210000
2982.127686, -3.000368, 0.331535, 1113.500000, 1117.500000, 8100.000000, 8240.000000, 0.210000
3087.348919, -3.106493, 0.333130, 1113.500000, 1117.500000, 8260.000000, 8400.000000, 0.210000
3194.036802, -3.214113, 0.334719, 1113.500000, 1117.500000, 8420.000000, 8560.000000, 0.210000
3302.179683, -3.323218, 0.336302, 1113.500000, 1117.500000, 8580.000000, 8720.000000, 0.210000
3411.766450, -3.433797, 0.337878, 1113.500000, 1117.500000, 8740.000000, 8880.000000, 0.210000
3522.786515, -3.545840, 0.339449, 1113.500000, 1117.500000, 8900.000000, 9040.000000, 0.210000
3635.229799, -3.659337, 0.341014, 1113.500000, 1117.500000, 9060.000000, 9200.000000, 0.210000
3749.086713, -3.774278, 0.342573, 1113.500000, 1117.500000, 9220.000000, 9360.000000, 0.210000
3864.348140, -3.890655, 0.344127, 1113.500000, 1117.500000, 9380.000000, 9520.000000, 0.210000
3981.005420, -4.008460, 0.345675, 1113.500000, 1117.500000, 9540.000000, 9680.000000, 0.210000
4099.050331, -4.127684, 0.347218, 1113.500000, 1117.500000, 9700.000000, 9840.000000, 0.210000
4218.475073, -4.248320, 0.348755, 1113.500000, 1117.500000, 9860.000000, 10000.000000, 0.210000
234.379598, -0.234710, 0.263826, 1118.000000, 1122.000000, 2000.000000, 2160.000000, 0.210000
272.384926, -0.272768, 0.265955, 1118.000000, 1122.000000, 2180.000000, 2340.000000, 0.210000
313.154824, -0.313592, 0.268063, 1118.000000, 1122.000000, 2360.000000, 2520.000000, 0.210000
356.663477, -0.357158, 0.270152, 1118.000000, 1122.000000, 2540.000000, 2700.000000, 0.210000
402.883403, -0.403439, 0.272224, 1118.000000, 1122.000000, 2720.000000, 2880.000000, 0.210000
451.785692, -0.452406, 0.274280, 1118.000000, 1122.000000, 2900.000000, 3060.000000, 0.210000
503.340210, -0.504031, 0.276320, 1118.000000, 1122.000000, 3080.000000, 3240.000000, 0.210000
557.515806, -0.558282, 0.278347, 1118.000000, 1122.000000, 3260.000000, 3420.000000, 0.210000
614.280497, -0.615129, 0.280360, 1118.000000, 1122.000000, 3440.000000, 3600.000000, 0.210000
673.601642, -0.674541, 0.282360, 1118.000000, 1122.000000, 3620.000000, 3780.000000, 0.210000
735.446114, -0.736484, 0.284347, 1118.000000, 1122.000000, 3800.000000, 3960.000000, 0.210000
799.780453, -0.800926, 0.286322, 1118.000000, 1122.000000, 3980.000000, 4140.000000, 0.210000
866.571013, -0.867835, 0.288285, 1118.000000, 1122.000000, 4160.000000, 4320.000000, 0.210000
935.784101, -0.937178, 0.290237, 1118.000000, 1122.000000, 4340.000000, 4500.000000, 0.210000
1007.386102, -1.008922, 0.292177, 1118.000000, 1122.000000, 4520.000000, 4680.000000, 0.210000
1081.343593, -1.083035, 0.294107, 1118.000000, 1122.000000, 4700.000000, 4860.000000, 0.210000
1157.623457, -1.159484, 0.296025, 1118.000000, 1122.000000, 4880.000000, 5040.000000, 0.210000
1236.192972, -1.238238, 0.297933, 1118.000000, 1122.000000, 5060.000000, 5220.000000, 0.210000
1317.019903, -1.319266, 0.299831, 1118.000000, 1122.000000, 5240.000000, 5400.000000, 0.210000
1400.072580, -1.402537, 0.301719, 1118.000000, 1122.000000, 5420.000000, 5580.000000, 0.210000
1485.319962, -1.488021, 0.303596, 1118.000000, 1122.000000, 5600.000000, 5760.000000, 0.210000
1572.731703, -1.575688, 0.305463, 1118.000000, 1122.000000, 5780.000000, 5940.000000, 0.210000
1662.278196, -1.665510, 0.307321, 1118.000000, 1122.000000, 5960.000000, 6120.000000, 0.210000
1753.930622, -1.757458, 0.309169, 1118.000000, 1122.000000, 6140.000000, 6300.000000, 0.210000
1847.660985, -1.851505, 0.311008, 1118.000000, 1122.000000, 6320.000000, 6480.000000, 0.210000
1938.044356, -1.942214, 0.312736, 1118.000000, 1122.000000, 6500.000000, 6640.000000, 0.210000
2024.784323, -2.029274, 0.314356, 1118.000000, 1122.000000, 6660.000000, 6800.000000, 0.210000
2113.107121, -2.117936, 0.315968, 1118.000000, 1122.000000, 6820.000000, 6960.000000, 0.210000
2202.995406, -2.208183, 0.317573, 1118.000000, 1122.000000, 6980.000000, 7120.000000, 0.210000
2294.432401, -2.299998, 0.319171, 1118.000000, 1122.000000, 7140.000000, 7280.000000, 0.210000
2387.401890, -2.393366, 0.320763, 1118.000000, 1122.000000, 7300.000000, 7440.000000, 0.210000
2481.888223, -2.488271, 0.322348, 1118.000000, 1122.000000, 7460.000000, 7600.000000, 0.210000
2577.876306, -2.584700, 0.323926, 1118.000000, 1122.000000, 7620.000000, 7760.000000, 0.210000
2675.351603, -2.682638, 0.325498, 1118.000000, 1122.000000, 7780.000000, 7920.000000, 0.210000
2774.300124, -2.782071, 0.327064, 1118.000000, 1122.000000, 7940.000000, 8080.000000, 0.210000
2874.708421, -2.882986, 0.328624, 1118.000000, 1122.000000, 8100.000000, 8240.000000, 0.210000
2976.563578, -2.985371, 0.330177, 1118.000000, 1122.000000, 8260.000000, 8400.000000, 0.210000
3079.853198, -3.089214, 0.331725, 1118.000000, 1122.000000, 8420.000000, 8560.000000, 0.210000
3184.565398, -3.194504, 0.333266, 1118.000000, 1122.000000, 8580.000000, 8720.000000, 0.210000
3290.688792, -3.301229, 0.334802, 1118.000000, 1122.000000, 8740.000000, 8880.000000, 0.210000
3398.212481, -3.409378, 0.336332, 1118.000000, 1122.000000, 8900.000000, 9040.000000, 0.210000
3507.126038, -3.518943, 0.337857, 1118.000000, 1122.000000, 9060.000000, 9200.000000, 0.210000
3617.419498, -3.629912, 0.339376, 1118.000000, 1122.000000, 9220.000000, 9360.000000, 0.210000
3729.083342, -3.742278, 0.340890, 1118.000000, 1122.000000, 9380.000000, 9520.000000, 0.210000
3842.108484, -3.856030, 0.342399, 1118.000000, 1122.000000, 9540.000000, 9680.000000, 0.210000
3956.486256, -3.971162, 0.343903, 1118.000000, 1122.000000, 9700.000000, 9840.000000, 0.210000
4072.208395, -4.087664, 0.345401, 1118.000000, 1122.000000, 9860.000000, 10000.000000, 0.210000
225.541501, -0.225173, 0.262929, 1122.500000, 1126.500000, 2000.000000, 2160.000000, 0.210000
261.993897, -0.261566, 0.264990, 1122.500000, 1126.500000, 2180.000000, 2340.000000, 0.210000
301.098762, -0.300606, 0.267031, 1122.500000, 1126.500000, 2360.000000, 2520.000000, 0.210000
342.833929, -0.342270, 0.269053, 1122.500000, 1126.500000, 2540.000000, 2700.000000, 0.210000
387.175660, -0.386536, 0.271059, 1122.500000, 1126.500000, 2720.000000, 2880.000000, 0.210000
434.098844, -0.433379, 0.273049, 1122.500000, 1126.500000, 2900.000000, 3060.000000, 0.210000
483.577184, -0.482774, 0.275025, 1122.500000, 1126.500000, 3080.000000, 3240.000000, 0.210000
535.583368, -0.534694, 0.276988, 1122.500000, 1126.500000, 3260.000000, 3420.000000, 0.210000
590.089226, -0.589112, 0.278937, 1122.500000, 1126.500000, 3440.000000, 3600.000000, 0.210000
647.065888, -0.646000, 0.280875, 1122.500000, 1126.500000, 3620.000000, 3780.000000, 0.210000
706.483923, -0.705329, 0.282800, 1122.500000, 1126.500000, 3800.000000, 3960.000000, 0.210000
768.313476, -0.767070, 0.284714, 1122.500000, 1126.500000, 3980.000000, 4140.000000, 0.210000
832.524396, -0.831195, 0.286617, 1122.500000, 1126.500000, 4160.000000, 4320.000000, 0.210000
899.086357, -0.897674, 0.288510, 1122.500000, 1126.500000, 4340.000000, 4500.000000, 0.210000
967.968969, -0.966477, 0.290391, 1122.500000, 1126.500000, 4520.000000, 4680.000000, 0.210000
1039.141884, -1.037576, 0.292263, 1122.500000, 1126.500000, 4700.000000, 4860.000000, 0.210000
1112.574893, -1.110940, 0.294124, 1122.500000, 1126.500000, 4880.000000, 5040.000000, 0.210000
1188.238015, -1.186542, 0.295976, 1122.500000, 1126.500000, 5060.000000, 5220.000000, 0.210000
1266.101578, -1.264351, 0.297818, 1122.500000, 1126.500000, 5240.000000, 5400.000000, 0.210000
1346.136294, -1.344341, 0.299651, 1122.500000, 1126.500000, 5420.000000, 5580.000000, 0.210000
1428.313326, -1.426483, 0.301474, 1122.500000, 1126.500000, 5600.000000, 5760.000000, 0.210000
1512.604347, -1.510749, 0.303288, 1122.500000, 1126.500000, 5780.000000, 5940.000000, 0.210000
1598.981593, -1.597113, 0.305093, 1122.500000, 1126.500000, 5960.000000, 6120.000000, 0.210000
1687.417906, -1.685549, 0.306889, 1122.500000, 1126.500000, 6140.000000, 6300.000000, 0.210000
1777.886780, -1.776031, 0.308676, 1122.500000, 1126.500000, 6320.000000, 6480.000000, 0.210000
1865.149904, -1.863325, 0.310356, 1122.500000, 1126.500000, 6500.000000, 6640.000000, 0.210000
1948.917651, -1.947129, 0.311931, 1122.500000, 1126.500000, 6660.000000, 6800.000000, 0.210000
2034.235002, -2.032495, 0.313499, 1122.500000, 1126.500000, 6820.000000, 6960.000000, 0.210000
2121.085237, -2.119408, 0.315060, 1122.500000, 1126.500000, 6980.000000, 7120.000000, 0.210000
2209.452106, -2.207850, 0.316615, 1122.500000, 1126.500000, 7140.000000, 7280.000000, 0.210000
2299.319838, -2.297808, 0.318164, 1122.500000, 1126.500000, 7300.000000, 7440.000000, 0.210000
2390.673143, -2.389266, 0.319706, 1122.500000, 1126.500000, 7460.000000, 7600.000000, 0.210000
2483.497214, -2.482210, 0.321242, 1122.500000, 1126.500000, 7620.000000, 7760.000000, 0.210000
2577.777726, -2.576626, 0.322773, 1122.500000, 1126.500000, 7780.000000, 7920.000000, 0.210000
2673.500832, -2.672501, 0.324297, 1122.500000, 1126.500000, 7940.000000, 8080.000000, 0.210000
2770.653163, -2.769822, 0.325816, 1122.500000, 1126.500000, 8100.000000, 8240.000000, 0.210000
2869.221824, -2.868577, 0.327328, 1122.500000, 1126.500000, 8260.000000, 8400.000000, 0.210000
2969.194384, -2.968753, 0.328836, 1122.500000, 1126.500000, 8420.000000, 8560.000000, 0.210000
3070.558873, -3.070340, 0.330337, 1122.500000, 1126.500000, 8580.000000, 8720.000000, 0.210000
3173.303771, -3.173325, 0.331834, 1122.500000, 1126.500000, 8740.000000, 8880.000000, 0.210000
3277.418003, -3.277698, 0.333324, 1122.500000, 1126.500000, 8900.000000, 9040.000000, 0.210000
3382.890928, -3.383449, 0.334810, 1122.500000, 1126.500000, 9060.000000, 9200.000000, 0.210000
3489.712331, -3.490569, 0.336290, 1122.500000, 1126.500000, 9220.000000, 9360.000000, 0.210000
3597.872410, -3.599047, 0.337766, 1122.500000, 1126.500000, 9380.000000, 9520.000000, 0.210000
3707.361766, -3.708875, 0.339236, 1122.500000, 1126.500000, 9540.000000, 9680.000000, 0.210000
3818.171397, -3.820044, 0.340701, 1122.500000, 1126.500000, 9700.000000, 9840.000000, 0.210000
3930.292678, -3.932546, 0.342162, 1122.500000, 1126.500000, 9860.000000, 10000.000000, 0.210000
217.151187, -0.216143, 0.262072, 1127.000000, 1131.000000, 2000.000000, 2160.000000, 0.210000
252.123787, -0.250956, 0.264068, 1127.000000, 1131.000000, 2180.000000, 2340.000000, 0.210000
289.640440, -0.288299, 0.266044, 1127.000000, 1131.000000, 2360.000000, 2520.000000, 0.210000
329.682174, -0.328154, 0.268002, 1127.000000, 1131.000000, 2540.000000, 2700.000000, 0.210000
372.228544, -0.370502, 0.269945, 1127.000000, 1131.000000, 2720.000000, 2880.000000, 0.210000
417.257803, -0.415320, 0.271872, 1127.000000, 1131.000000, 2900.000000, 3060.000000, 0.210000
464.747066, -0.462587, 0.273786, 1127.000000, 1131.000000, 3080.000000, 3240.000000, 0.210000
514.672451, -0.512280, 0.275687, 1127.000000, 1131.000000, 3260.000000, 3420.000000, 0.210000
567.009226, -0.564374, 0.277576, 1127.000000, 1131.000000, 3440.000000, 3600.000000, 0.210000
621.731931, -0.618846, 0.279453, 1127.000000, 1131.000000, 3620.000000, 3780.000000, 0.210000
678.814508, -0.675670, 0.281319, 1127.000000, 1131.000000, 3800.000000, 3960.000000, 0.210000
738.230415, -0.734821, 0.283174, 1127.000000, 1131.000000, 3980.000000, 4140.000000, 0.210000
799.952735, -0.796272, 0.285019, 1127.000000, 1131.000000, 4160.000000, 4320.000000, 0.210000
863.954286, -0.859997, 0.286854, 1127.000000, 1131.000000, 4340.000000, 4500.000000, 0.210000
930.207715, -0.925971, 0.288679, 1127.000000, 1131.000000, 4520.000000, 4680.000000, 0.210000
998.685594, -0.994165, 0.290494, 1127.000000, 1131.000000, 4700.000000, 4860.000000, 0.210000
1069.360507, -1.064555, 0.292300, 1127.000000, 1131.000000, 4880.000000, 5040.000000, 0.210000
1142.205127, -1.137114, 0.294097, 1127.000000, 1131.000000, 5060.000000, 5220.000000, 0.210000
1217.192297, -1.211816, 0.295885, 1127.000000, 1131.000000, 5240.000000, 5400.000000, 0.210000
1294.295094, -1.288634, 0.297664, 1127.000000, 1131.000000, 5420.000000, 5580.000000, 0.210000
1373.486896, -1.367543, 0.299434, 1127.000000, 1131.000000, 5600.000000, 5760.000000, 0.210000
1454.741434, -1.448518, 0.301196, 1127.000000, 1131.000000, 5780.000000, 5940.000000, 0.210000
1538.032852, -1.531534, 0.302950, 1127.000000, 1131.000000, 5960.000000, 6120.000000, 0.210000
1623.335744, -1.616566, 0.304695, 1127.000000, 1131.000000, 6140.000000, 6300.000000, 0.210000
1710.625203, -1.703591, 0.306432, 1127.000000, 1131.000000, 6320.000000, 6480.000000, 0.210000
1794.845141, -1.787572, 0.308066, 1127.000000, 1131.000000, 6500.000000, 6640.000000, 0.210000
1875.712904, -1.868217, 0.309597, 1127.000000, 1131.000000, 6660.000000, 6800.000000, 0.210000
1958.096880, -1.950384, 0.311121, 1127.000000, 1131.000000, 6820.000000, 6960.000000, 0.210000
2041.981083, -2.034059, 0.312640, 1127.000000, 1131.000000, 6980.000000, 7120.000000, 0.210000
2127.349921, -2.119227, 0.314153, 1127.000000, 1131.000000, 7140.000000, 7280.000000, 0.210000
2214.188195, -2.205872, 0.315659, 1127.000000, 1131.000000, 7300.000000, 7440.000000, 0.210000
2302.481112, -2.293981, 0.317160, 1127.000000, 1131.000000, 7460.000000, 7600.000000, 0.210000
2392.214286, -2.383540, 0.318656, 1127.000000, 1131.000000, 7620.000000, 7760.000000, 0.210000
2483.373741, -2.474535, 0.320145, 1127.000000, 1131.000000, 7780.000000, 7920.000000, 0.210000
2575.945917, -2.566954, 0.321629, 1127.000000, 1131.000000, 7940.000000, 8080.000000, 0.210000
2669.917664, -2.660783, 0.323108, 1127.000000, 1131.000000, 8100.000000, 8240.000000, 0.210000
2765.276245, -2.756011, 0.324581, 1127.000000, 1131.000000, 8260.000000, 8400.000000, 0.210000
2862.009334, -2.852626, 0.326049, 1127.000000, 1131.000000, 8420.000000, 8560.000000, 0.210000
2960.105012, -2.950616, 0.327512, 1127.000000, 1131.000000, 8580.000000, 8720.000000, 0.210000
3059.551759, -3.049970, 0.328969, 1127.000000, 1131.000000, 8740.000000, 8880.000000, 0.210000
3160.338458, -3.150678, 0.330421, 1127.000000, 1131.000000, 8900.000000, 9040.000000, 0.210000
3262.454379, -3.252728, 0.331869, 1127.000000, 1131.000000, 9060.000000, 9200.000000, 0.210000
3365.889182, -3.356113, 0.333311, 1127.000000, 1131.000000, 9220.000000, 9360.000000, 0.210000
3470.632901, -3.460820, 0.334749, 1127.000000, 1131.000000, 9380.000000, 9520.000000, 0.210000
3576.675944, -3.566843, 0.336182, 1127.000000, 1131.000000, 9540.000000, 9680.000000, 0.210000
3684.009082, -3.674171, 0.337611, 1127.000000, 1131.000000, 9700.000000, 9840.000000, 0.210000
3792.623439, -3.782796, 0.339034, 1127.000000, 1131.000000, 9860.000000, 10000.000000, 0.210000
209.185264, -0.207593, 0.261251, 1131.500000, 1135.500000, 2000.000000, 2160.000000, 0.210000
242.748082, -0.240905, 0.263185, 1131.500000, 1135.500000, 2180.000000, 2340.000000, 0.210000
278.750278, -0.276636, 0.265100, 1131.500000, 1135.500000, 2360.000000, 2520.000000, 0.210000
317.175679, -0.314771, 0.266997, 1131.500000, 1135.500000, 2540.000000, 2700.000000, 0.210000
358.006730, -0.355291, 0.268879, 1131.500000, 1135.500000, 2720.000000, 2880.000000, 0.210000
401.224652, -0.398180, 0.270746, 1131.500000, 1135.500000, 2900.000000, 3060.000000, 0.210000
446.809581, -0.443417, 0.272600, 1131.500000, 1135.500000, 3080.000000, 3240.000000, 0.210000
494.740697, -0.490984, 0.274442, 1131.500000, 1135.500000, 3260.000000, 3420.000000, 0.210000
544.996340, -0.540858, 0.276272, 1131.500000, 1135.500000, 3440.000000, 3600.000000, 0.210000
597.554129, -0.593019, 0.278091, 1131.500000, 1135.500000, 3620.000000, 3780.000000, 0.210000
652.391060, -0.647445, 0.279900, 1131.500000, 1135.500000, 3800.000000, 3960.000000, 0.210000
709.483613, -0.704112, 0.281698, 1131.500000, 1135.500000, 3980.000000, 4140.000000, 0.210000
768.807845, -0.762998, 0.283487, 1131.500000, 1135.500000, 4160.000000, 4320.000000, 0.210000
830.339479, -0.824079, 0.285266, 1131.500000, 1135.500000, 4340.000000, 4500.000000, 0.210000
894.053997, -0.887332, 0.287036, 1131.500000, 1135.500000, 4520.000000, 4680.000000, 0.210000
959.926715, -0.952733, 0.288797, 1131.500000, 1135.500000, 4700.000000, 4860.000000, 0.210000
1027.932861, -1.020258, 0.290549, 1131.500000, 1135.500000, 4880.000000, 5040.000000, 0.210000
1098.047652, -1.089884, 0.292293, 1131.500000, 1135.500000, 5060.000000, 5220.000000, 0.210000
1170.246356, -1.161587, 0.294029, 1131.500000, 1135.500000, 5240.000000, 5400.000000, 0.210000
1244.504360, -1.235343, 0.295756, 1131.500000, 1135.500000, 5420.000000, 5580.000000, 0.210000
1320.797223, -1.311129, 0.297475, 1131.500000, 1135.500000, 5600.000000, 5760.000000, 0.210000
1399.100736, -1.388922, 0.299187, 1131.500000, 1135.500000, 5780.000000, 5940.000000, 0.210000
1479.390966, -1.468698, 0.300890, 1131.500000, 1135.500000, 5960.000000, 6120.000000, 0.210000
1561.644305, -1.550435, 0.302586, 1131.500000, 1135.500000, 6140.000000, 6300.000000, 0.210000
1645.837508, -1.634111, 0.304274, 1131.500000, 1135.500000, 6320.000000, 6480.000000, 0.210000
1727.092227, -1.714882, 0.305862, 1131.500000, 1135.500000, 6500.000000, 6640.000000, 0.210000
1805.132954, -1.792463, 0.307350, 1131.500000, 1135.500000, 6660.000000, 6800.000000, 0.210000
1884.656162, -1.871527, 0.308833, 1131.500000, 1135.500000, 6820.000000, 6960.000000, 0.210000
1965.646696, -1.952061, 0.310310, 1131.500000, 1135.500000, 6980.000000, 7120.000000, 0.210000
2048.089714, -2.034050, 0.311781, 1131.500000, 1135.500000, 7140.000000, 7280.000000, 0.210000
2131.970695, -2.117479, 0.313247, 1131.500000, 1135.500000, 7300.000000, 7440.000000, 0.210000
2217.275451, -2.202336, 0.314708, 1131.500000, 1135.500000, 7460.000000, 7600.000000, 0.210000
2303.990131, -2.288608, 0.316163, 1131.500000, 1135.500000, 7620.000000, 7760.000000, 0.210000
2392.101230, -2.376280, 0.317613, 1131.500000, 1135.500000, 7780.000000, 7920.000000, 0.210000
2481.595589, -2.465341, 0.319058, 1131.500000, 1135.500000, 7940.000000, 8080.000000, 0.210000
2572.460403, -2.555779, 0.320497, 1131.500000, 1135.500000, 8100.000000, 8240.000000, 0.210000
2664.683219, -2.647580, 0.321932, 1131.500000, 1135.500000, 8260.000000, 8400.000000, 0.210000
2758.251938, -2.740735, 0.323361, 1131.500000, 1135.500000, 8420.000000, 8560.000000, 0.210000
2853.154816, -2.835232, 0.324786, 1131.500000, 1135.500000, 8580.000000, 8720.000000, 0.210000
2949.380462, -2.931059, 0.326206, 1131.500000, 1135.500000, 8740.000000, 8880.000000, 0.210000
3046.917832, -3.028206, 0.327621, 1131.500000, 1135.500000, 8900.000000, 9040.000000, 0.210000
3145.756234, -3.126664, 0.329031, 1131.500000, 1135.500000, 9060.000000, 9200.000000, 0.210000
3245.885318, -3.226421, 0.330437, 1131.500000, 1135.500000, 9220.000000, 9360.000000, 0.210000
3347.295075, -3.327469, 0.331838, 1131.500000, 1135.500000, 9380.000000, 9520.000000, 0.210000
3449.975830, -3.429799, 0.333234, 1131.500000, 1135.500000, 9540.000000, 9680.000000, 0.210000
3553.918239, -3.533401, 0.334626, 1131.500000, 1135.500000, 9700.000000, 9840.000000, 0.210000
3659.113281, -3.638266, 0.336014, 1131.500000, 1135.500000, 9860.000000, 10000.000000, 0.210000
201.621396, -0.199495, 0.260466, 1136.000000, 1140.000000, 2000.000000, 2160.000000, 0.210000
233.841356, -0.231382, 0.262341, 1136.000000, 1140.000000, 2180.000000, 2340.000000, 0.210000
268.399787, -0.265582, 0.264196, 1136.000000, 1140.000000, 2360.000000, 2520.000000, 0.210000
305.282958, -0.302080, 0.266035, 1136.000000, 1140.000000, 2540.000000, 2700.000000, 0.210000
344.475849, -0.340862, 0.267859, 1136.000000, 1140.000000, 2720.000000, 2880.000000, 0.210000
385.962292, -0.381913, 0.269668, 1136.000000, 1140.000000, 2900.000000, 3060.000000, 0.210000
429.725096, -0.425216, 0.271465, 1136.000000, 1140.000000, 3080.000000, 3240.000000, 0.210000
475.746155, -0.470754, 0.273250, 1136.000000, 1140.000000, 3260.000000, 3420.000000, 0.210000
524.006555, -0.518508, 0.275024, 1136.000000, 1140.000000, 3440.000000, 3600.000000, 0.210000
574.486670, -0.568460, 0.276787, 1136.000000, 1140.000000, 3620.000000, 3780.000000, 0.210000
627.166254, -0.620591, 0.278540, 1136.000000, 1140.000000, 3800.000000, 3960.000000, 0.210000
682.024527, -0.674879, 0.280284, 1136.000000, 1140.000000, 3980.000000, 4140.000000, 0.210000
739.040258, -0.731306, 0.282018, 1136.000000, 1140.000000, 4160.000000, 4320.000000, 0.210000
798.191841, -0.789850, 0.283744, 1136.000000, 1140.000000, 4340.000000, 4500.000000, 0.210000
859.457375, -0.850491, 0.285461, 1136.000000, 1140.000000, 4520.000000, 4680.000000, 0.210000
922.814732, -0.913207, 0.287170, 1136.000000, 1140.000000, 4700.000000, 4860.000000, 0.210000
988.241624, -0.977976, 0.288870, 1136.000000, 1140.000000, 4880.000000, 5040.000000, 0.210000
1055.715668, -1.044779, 0.290562, 1136.000000, 1140.000000, 5060.000000, 5220.000000, 0.210000
1125.214448, -1.113592, 0.292247, 1136.000000, 1140.000000, 5240.000000, 5400.000000, 0.210000
1196.715569, -1.184395, 0.293924, 1136.000000, 1140.000000, 5420.000000, 5580.000000, 0.210000
1270.196714, -1.257166, 0.295594, 1136.000000, 1140.000000, 5600.000000, 5760.000000, 0.210000
1345.635687, -1.331885, 0.297256, 1136.000000, 1140.000000, 5780.000000, 5940.000000, 0.210000
1423.010468, -1.408529, 0.298911, 1136.000000, 1140.000000, 5960.000000, 6120.000000, 0.210000
1502.299246, -1.487079, 0.300559, 1136.000000, 1140.000000, 6140.000000, 6300.000000, 0.210000
1583.480465, -1.567514, 0.302199, 1136.000000, 1140.000000, 6320.000000, 6480.000000, 0.210000
1661.848937, -1.645176, 0.303743, 1136.000000, 1140.000000, 6500.000000, 6640.000000, 0.210000
1737.136444, -1.719789, 0.305190, 1136.000000, 1140.000000, 6660.000000, 6800.000000, 0.210000
1813.872266, -1.795846, 0.306631, 1136.000000, 1140.000000, 6820.000000, 6960.000000, 0.210000
1892.042138, -1.873335, 0.308068, 1136.000000, 1140.000000, 6980.000000, 7120.000000, 0.210000
1971.632039, -1.952240, 0.309499, 1136.000000, 1140.000000, 7140.000000, 7280.000000, 0.210000
2052.628205, -2.032550, 0.310925, 1136.000000, 1140.000000, 7300.000000, 7440.000000, 0.210000
2135.017137, -2.114251, 0.312346, 1136.000000, 1140.000000, 7460.000000, 7600.000000, 0.210000
2218.785612, -2.197330, 0.313762, 1136.000000, 1140.000000, 7620.000000, 7760.000000, 0.210000
2303.920687, -2.281777, 0.315173, 1136.000000, 1140.000000, 7780.000000, 7920.000000, 0.210000
2390.409708, -2.367577, 0.316580, 1136.000000, 1140.000000, 7940.000000, 8080.000000, 0.210000
2478.240317, -2.454720, 0.317981, 1136.000000, 1140.000000, 8100.000000, 8240.000000, 0.210000
2567.400450, -2.543194, 0.319378, 1136.000000, 1140.000000, 8260.000000, 8400.000000, 0.210000
2657.878344, -2.632988, 0.320770, 1136.000000, 1140.000000, 8420.000000, 8560.000000, 0.210000
2749.662542, -2.724090, 0.322158, 1136.000000, 1140.000000, 8580.000000, 8720.000000, 0.210000
2842.741885, -2.816491, 0.323540, 1136.000000, 1140.000000, 8740.000000, 8880.000000, 0.210000
2937.105523, -2.910180, 0.324919, 1136.000000, 1140.000000, 8900.000000, 9040.000000, 0.210000
3032.742905, -3.005147, 0.326293, 1136.000000, 1140.000000, 9060.000000, 9200.000000, 0.210000
3129.643786, -3.101383, 0.327663, 1136.000000, 1140.000000, 9220.000000, 9360.000000, 0.210000
3227.798219, -3.198876, 0.329028, 1136.000000, 1140.000000, 9380.000000, 9520.000000, 0.210000
3327.196555, -3.297620, 0.330389, 1136.000000, 1140.000000, 9540.000000, 9680.000000, 0.210000
3427.829440, -3.397604, 0.331746, 1136.000000, 1140.000000, 9700.000000, 9840.000000, 0.210000
3529.687813, -3.498820, 0.333099, 1136.000000, 1140.000000, 9860.000000, 10000.000000, 0.210000
194.438298, -0.191824, 0.259714, 1140.500000, 1144.500000, 2000.000000, 2160.000000, 0.210000
225.379289, -0.222359, 0.261532, 1140.500000, 1144.500000, 2180.000000, 2340.000000, 0.210000
258.561603, -0.255103, 0.263332, 1140.500000, 1144.500000, 2360.000000, 2520.000000, 0.210000
293.973640, -0.290045, 0.265114, 1140.500000, 1144.500000, 2540.000000, 2700.000000, 0.210000
331.602598, -0.327174, 0.266882, 1140.500000, 1144.500000, 2720.000000, 2880.000000, 0.210000
371.434602, -0.366475, 0.268636, 1140.500000, 1144.500000, 2900.000000, 3060.000000, 0.210000
413.454816, -0.407935, 0.270378, 1140.500000, 1144.500000, 3080.000000, 3240.000000, 0.210000
457.647537, -0.451538, 0.272109, 1140.500000, 1144.500000, 3260.000000, 3420.000000, 0.210000
503.996294, -0.497269, 0.273828, 1140.500000, 1144.500000, 3440.000000, 3600.000000, 0.210000
552.483923, -0.545111, 0.275538, 1140.500000, 1144.500000, 3620.000000, 3780.000000, 0.210000
603.092650, -0.595047, 0.277238, 1140.500000, 1144.500000, 3800.000000, 3960.000000, 0.210000
655.804170, -0.647059, 0.278929, 1140.500000, 1144.500000, 3980.000000, 4140.000000, 0.210000
710.599709, -0.701131, 0.280611, 1140.500000, 1144.500000, 4160.000000, 4320.000000, 0.210000
767.460101, -0.757243, 0.282285, 1140.500000, 1144.500000, 4340.000000, 4500.000000, 0.210000
826.365846, -0.815377, 0.283951, 1140.500000, 1144.500000, 4520.000000, 4680.000000, 0.210000
887.297175, -0.875514, 0.285609, 1140.500000, 1144.500000, 4700.000000, 4860.000000, 0.210000
950.234110, -0.937635, 0.287259, 1140.500000, 1144.500000, 4880.000000, 5040.000000, 0.210000
1015.156518, -1.001721, 0.288902, 1140.500000, 1144.500000, 5060.000000, 5220.000000, 0.210000
1082.044163, -1.067753, 0.290537, 1140.500000, 1144.500000, 5240.000000, 5400.000000, 0.210000
1150.876763, -1.135711, 0.292166, 1140.500000, 1144.500000, 5420.000000, 5580.000000, 0.210000
1221.634028, -1.205576, 0.293787, 1140.500000, 1144.500000, 5600.000000, 5760.000000, 0.210000
1294.295716, -1.277328, 0.295401, 1140.500000, 1144.500000, 5780.000000, 5940.000000, 0.210000
1368.841665, -1.350949, 0.297009, 1140.500000, 1144.500000, 5960.000000, 6120.000000, 0.210000
1445.251839, -1.426420, 0.298610, 1140.500000, 1144.500000, 6140.000000, 6300.000000, 0.210000
1523.506362, -1.503721, 0.300205, 1140.500000, 1144.500000, 6320.000000, 6480.000000, 0.210000
1599.068528, -1.578375, 0.301705, 1140.500000, 1144.500000, 6500.000000, 6640.000000, 0.210000
1671.677533, -1.650116, 0.303112, 1140.500000, 1144.500000, 6660.000000, 6800.000000, 0.210000
1745.700210, -1.723261, 0.304513, 1140.500000, 1144.500000, 6820.000000, 6960.000000, 0.210000
1821.123222, -1.797799, 0.305910, 1140.500000, 1144.500000, 6980.000000, 7120.000000, 0.210000
1897.933417, -1.873716, 0.307302, 1140.500000, 1144.500000, 7140.000000, 7280.000000, 0.210000
1976.117840, -1.951001, 0.308690, 1140.500000, 1144.500000, 7300.000000, 7440.000000, 0.210000
2055.663744, -2.029641, 0.310072, 1140.500000, 1144.500000, 7460.000000, 7600.000000, 0.210000
2136.558598, -2.109624, 0.311450, 1140.500000, 1144.500000, 7620.000000, 7760.000000, 0.210000
2218.790098, -2.190940, 0.312824, 1140.500000, 1144.500000, 7780.000000, 7920.000000, 0.210000
2302.346174, -2.273575, 0.314193, 1140.500000, 1144.500000, 7940.000000, 8080.000000, 0.210000
2387.214995, -2.357519, 0.315557, 1140.500000, 1144.500000, 8100.000000, 8240.000000, 0.210000
2473.384974, -2.442762, 0.316917, 1140.500000, 1144.500000, 8260.000000, 8400.000000, 0.210000
2560.844778, -2.529292, 0.318272, 1140.500000, 1144.500000, 8420.000000, 8560.000000, 0.210000
2649.583324, -2.617098, 0.319624, 1140.500000, 1144.500000, 8580.000000, 8720.000000, 0.210000
2739.589786, -2.706171, 0.320971, 1140.500000, 1144.500000, 8740.000000, 8880.000000, 0.210000
2830.853600, -2.796501, 0.322314, 1140.500000, 1144.500000, 8900.000000, 9040.000000, 0.210000
2923.364457, -2.888077, 0.323652, 1140.500000, 1144.500000, 9060.000000, 9200.000000, 0.210000
3017.112313, -2.980890, 0.324987, 1140.500000, 1144.500000, 9220.000000, 9360.000000, 0.210000
3112.087383, -3.074932, 0.326317, 1140.500000, 1144.500000, 9380.000000, 9520.000000, 0.210000
3208.280143, -3.170192, 0.327644, 1140.500000, 1144.500000, 9540.000000, 9680.000000, 0.210000
3305.681328, -3.266662, 0.328967, 1140.500000, 1144.500000, 9700.000000, 9840.000000, 0.210000
3404.281930, -3.364334, 0.330285, 1140.500000, 1144.500000, 9860.000000, 10000.000000, 0.210000
187.615719, -0.184555, 0.258994, 1145.000000, 1149.000000, 2000.000000, 2160.000000, 0.210000
217.338670, -0.213806, 0.260758, 1145.000000, 1149.000000, 2180.000000, 2340.000000, 0.210000
249.209521, -0.245168, 0.262503, 1145.000000, 1149.000000, 2360.000000, 2520.000000, 0.210000
283.218527, -0.278632, 0.264233, 1145.000000, 1149.000000, 2540.000000, 2700.000000, 0.210000
319.354825, -0.314188, 0.265947, 1145.000000, 1149.000000, 2720.000000, 2880.000000, 0.210000
357.606553, -0.351824, 0.267648, 1145.000000, 1149.000000, 2900.000000, 3060.000000, 0.210000
397.960945, -0.391527, 0.269338, 1145.000000, 1149.000000, 3080.000000, 3240.000000, 0.210000
440.404424, -0.433286, 0.271016, 1145.000000, 1149.000000, 3260.000000, 3420.000000, 0.210000
484.922678, -0.477086, 0.272683, 1145.000000, 1149.000000, 3440.000000, 3600.000000, 0.210000
531.500738, -0.522913, 0.274342, 1145.000000, 1149.000000, 3620.000000, 3780.000000, 0.210000
580.123043, -0.570753, 0.275991, 1145.000000, 1149.000000, 3800.000000, 3960.000000, 0.210000
630.773506, -0.620589, 0.277631, 1145.000000, 1149.000000, 3980.000000, 4140.000000, 0.210000
683.435576, -0.672406, 0.279263, 1145.000000, 1149.000000, 4160.000000, 4320.000000, 0.210000
738.092294, -0.726189, 0.280887, 1145.000000, 1149.000000, 4340.000000, 4500.000000, 0.210000
794.726354, -0.781920, 0.282503, 1145.000000, 1149.000000, 4520.000000, 4680.000000, 0.210000
853.320152, -0.839583, 0.284112, 1145.000000, 1149.000000, 4700.000000, 4860.000000, 0.210000
913.855838, -0.899161, 0.285714, 1145.000000, 1149.000000, 4880.000000, 5040.000000, 0.210000
976.315366, -0.960637, 0.287308, 1145.000000, 1149.000000, 5060.000000, 5220.000000, 0.210000
1040.680541, -1.023993, 0.288896, 1145.000000, 1149.000000, 5240.000000, 5400.000000, 0.210000
1106.933065, -1.089213, 0.290477, 1145.000000, 1149.000000, 5420.000000, 5580.000000, 0.210000
1175.054573, -1.156278, 0.292052, 1145.000000, 1149.000000, 5600.000000, 5760.000000, 0.210000
1245.026681, -1.225171, 0.293620, 1145.000000, 1149.000000, 5780.000000, 5940.000000, 0.210000
1316.831021, -1.295876, 0.295182, 1145.000000, 1149.000000, 5960.000000, 6120.000000, 0.210000
1390.449274, -1.368374, 0.296738, 1145.000000, 1149.000000, 6140.000000, 6300.000000, 0.210000
1465.863208, -1.442648, 0.298288, 1145.000000, 1149.000000, 6320.000000, 6480.000000, 0.210000
1538.699850, -1.514397, 0.299746, 1145.000000, 1149.000000, 6500.000000, 6640.000000, 0.210000
1608.705892, -1.583360, 0.301114, 1145.000000, 1149.000000, 6660.000000, 6800.000000, 0.210000
1680.090497, -1.653688, 0.302477, 1145.000000, 1149.000000, 6820.000000, 6960.000000, 0.210000
1752.841272, -1.725370, 0.303835, 1145.000000, 1149.000000, 6980.000000, 7120.000000, 0.210000
1826.945958, -1.798393, 0.305189, 1145.000000, 1149.000000, 7140.000000, 7280.000000, 0.210000
1902.392439, -1.872748, 0.306539, 1145.000000, 1149.000000, 7300.000000, 7440.000000, 0.210000
1979.168760, -1.948422, 0.307884, 1145.000000, 1149.000000, 7460.000000, 7600.000000, 0.210000
2057.263131, -2.025403, 0.309225, 1145.000000, 1149.000000, 7620.000000, 7760.000000, 0.210000
2136.663936, -2.103682, 0.310561, 1145.000000, 1149.000000, 7780.000000, 7920.000000, 0.210000
2217.359747, -2.183247, 0.311894, 1145.000000, 1149.000000, 7940.000000, 8080.000000, 0.210000
2299.339326, -2.264088, 0.313222, 1145.000000, 1149.000000, 8100.000000, 8240.000000, 0.210000
2382.591631, -2.346194, 0.314546, 1145.000000, 1149.000000, 8260.000000, 8400.000000, 0.210000
2467.105827, -2.429555, 0.315866, 1145.000000, 1149.000000, 8420.000000, 8560.000000, 0.210000
2552.871286, -2.514162, 0.317182, 1145.000000, 1149.000000, 8580.000000, 8720.000000, 0.210000
2639.877591, -2.600003, 0.318494, 1145.000000, 1149.000000, 8740.000000, 8880.000000, 0.210000
2728.114544, -2.687069, 0.319802, 1145.000000, 1149.000000, 8900.000000, 9040.000000, 0.210000
2817.572164, -2.775352, 0.321106, 1145.000000, 1149.000000, 9060.000000, 9200.000000, 0.210000
2908.240692, -2.864842, 0.322406, 1145.000000, 1149.000000, 9220.000000, 9360.000000, 0.210000
3000.110592, -2.955530, 0.323703, 1145.000000, 1149.000000, 9380.000000, 9520.000000, 0.210000
3093.172551, -3.047406, 0.324996, 1145.000000, 1149.000000, 9540.000000, 9680.000000, 0.210000
3187.417480, -3.140463, 0.326285, 1145.000000, 1149.000000, 9700.000000, 9840.000000, 0.210000
3282.836515, -3.234693, 0.327570, 1145.000000, 1149.000000, 9860.000000, 10000.000000, 0.210000
181.134427, -0.177667, 0.258304, 1149.500000, 1153.500000, 2000.000000, 2160.000000, 0.210000
209.697387, -0.205698, 0.260016, 1149.500000, 1153.500000, 2180.000000, 2340.000000, 0.210000
240.318492, -0.235747, 0.261710, 1149.500000, 1153.500000, 2360.000000, 2520.000000, 0.210000
272.989614, -0.267806, 0.263388, 1149.500000, 1153.500000, 2540.000000, 2700.000000, 0.210000
307.701583, -0.301866, 0.265051, 1149.500000, 1153.500000, 2720.000000, 2880.000000, 0.210000
344.444298, -0.337917, 0.266702, 1149.500000, 1153.500000, 2900.000000, 3060.000000, 0.210000
383.206813, -0.375948, 0.268341, 1149.500000, 1153.500000, 3080.000000, 3240.000000, 0.210000
423.977422, -0.415950, 0.269969, 1149.500000, 1153.500000, 3260.000000, 3420.000000, 0.210000
466.743727, -0.457909, 0.271587, 1149.500000, 1153.500000, 3440.000000, 3600.000000, 0.210000
511.492703, -0.501813, 0.273195, 1149.500000, 1153.500000, 3620.000000, 3780.000000, 0.210000
558.210761, -0.547650, 0.274795, 1149.500000, 1153.500000, 3800.000000, 3960.000000, 0.210000
606.883800, -0.595406, 0.276387, 1149.500000, 1153.500000, 3980.000000, 4140.000000, 0.210000
657.497265, -0.645068, 0.277970, 1149.500000, 1153.500000, 4160.000000, 4320.000000, 0.210000
710.036193, -0.696620, 0.279546, 1149.500000, 1153.500000, 4340.000000, 4500.000000, 0.210000
764.485265, -0.750050, 0.281115, 1149.500000, 1153.500000, 4520.000000, 4680.000000, 0.210000
820.828850, -0.805341, 0.282677, 1149.500000, 1153.500000, 4700.000000, 4860.000000, 0.210000
879.051049, -0.862479, 0.284232, 1149.500000, 1153.500000, 4880.000000, 5040.000000, 0.210000
939.135742, -0.921449, 0.285780, 1149.500000, 1153.500000, 5060.000000, 5220.000000, 0.210000
1001.066622, -0.982234, 0.287322, 1149.500000, 1153.500000, 5240.000000, 5400.000000, 0.210000
1064.827240, -1.044821, 0.288857, 1149.500000, 1153.500000, 5420.000000, 5580.000000, 0.210000
1130.401039, -1.109192, 0.290387, 1149.500000, 1153.500000, 5600.000000, 5760.000000, 0.210000
1197.771390, -1.175333, 0.291910, 1149.500000, 1153.500000, 5780.000000, 5940.000000, 0.210000
1266.921627, -1.243227, 0.293428, 1149.500000, 1153.500000, 5960.000000, 6120.000000, 0.210000
1337.835079, -1.312859, 0.294940, 1149.500000, 1153.500000, 6140.000000, 6300.000000, 0.210000
1410.495100, -1.384213, 0.296446, 1149.500000, 1153.500000, 6320.000000, 6480.000000, 0.210000
1480.687632, -1.453155, 0.297863, 1149.500000, 1153.500000, 6500.000000, 6640.000000, 0.210000
1548.166915, -1.519435, 0.299193, 1149.500000, 1153.500000, 6660.000000, 6800.000000, 0.210000
1616.989235, -1.587040, 0.300518, 1149.500000, 1153.500000, 6820.000000, 6960.000000, 0.210000
1687.143138, -1.655960, 0.301839, 1149.500000, 1153.500000, 6980.000000, 7120.000000, 0.210000
1758.617262, -1.726185, 0.303156, 1149.500000, 1153.500000, 7140.000000, 7280.000000, 0.210000
1831.400347, -1.797703, 0.304469, 1149.500000, 1153.500000, 7300.000000, 7440.000000, 0.210000
1905.481246, -1.870504, 0.305778, 1149.500000, 1153.500000, 7460.000000, 7600.000000, 0.210000
1980.848937, -1.944578, 0.307083, 1149.500000, 1153.500000, 7620.000000, 7760.000000, 0.210000
2057.492529, -2.019915, 0.308383, 1149.500000, 1153.500000, 7780.000000, 7920.000000, 0.210000
2135.401271, -2.096504, 0.309680, 1149.500000, 1153.500000, 7940.000000, 8080.000000, 0.210000
2214.564564, -2.174336, 0.310973, 1149.500000, 1153.500000, 8100.000000, 8240.000000, 0.210000
2294.971961, -2.253400, 0.312262, 1149.500000, 1153.500000, 8260.000000, 8400.000000, 0.210000
2376.613178, -2.333686, 0.313547, 1149.500000, 1153.500000, 8420.000000, 8560.000000, 0.210000
2459.478100, -2.415187, 0.314829, 1149.500000, 1153.500000, 8580.000000, 8720.000000, 0.210000
2543.556784, -2.497891, 0.316107, 1149.500000, 1153.500000, 8740.000000, 8880.000000, 0.210000
2628.839461, -2.581790, 0.317381, 1149.500000, 1153.500000, 8900.000000, 9040.000000, 0.210000
2715.316548, -2.666875, 0.318651, 1149.500000, 1153.500000, 9060.000000, 9200.000000, 0.210000
2802.978641, -2.753137, 0.319918, 1149.500000, 1153.500000, 9220.000000, 9360.000000, 0.210000
2891.816525, -2.840567, 0.321182, 1149.500000, 1153.500000, 9380.000000, 9520.000000, 0.210000
2981.821174, -2.929157, 0.322442, 1149.500000, 1153.500000, 9540.000000, 9680.000000, 0.210000
3072.983750, -3.018899, 0.323698, 1149.500000, 1153.500000, 9700.000000, 9840.000000, 0.210000
3165.295610, -3.109784, 0.324951, 1149.500000, 1153.500000, 9860.000000, 10000.000000, 0.210000
174.976174, -0.171137, 0.257643, 1154.000000, 1158.000000, 2000.000000, 2160.000000, 0.210000
202.434407, -0.198011, 0.259305, 1154.000000, 1158.000000, 2180.000000, 2340.000000, 0.210000
231.864625, -0.226812, 0.260950, 1154.000000, 1158.000000, 2360.000000, 2520.000000, 0.210000
263.260109, -0.257536, 0.262579, 1154.000000, 1158.000000, 2540.000000, 2700.000000, 0.210000
296.613167, -0.290173, 0.264193, 1154.000000, 1158.000000, 2720.000000, 2880.000000, 0.210000
331.915235, -0.324715, 0.265795, 1154.000000, 1158.000000, 2900.000000, 3060.000000, 0.210000
369.156967, -0.361155, 0.267386, 1154.000000, 1158.000000, 3080.000000, 3240.000000, 0.210000
408.328302, -0.399482, 0.268966, 1154.000000, 1158.000000, 3260.000000, 3420.000000, 0.210000
449.418528, -0.439686, 0.270536, 1154.000000, 1158.000000, 3440.000000, 3600.000000, 0.210000
492.416346, -0.481757, 0.272097, 1154.000000, 1158.000000, 3620.000000, 3780.000000, 0.210000
537.309916, -0.525682, 0.273650, 1154.000000, 1158.000000, 3800.000000, 3960.000000, 0.210000
584.086910, -0.571451, 0.275194, 1154.000000, 1158.000000, 3980.000000, 4140.000000, 0.210000
632.734559, -0.619052, 0.276731, 1154.000000, 1158.000000, 4160.000000, 4320.000000, 0.210000
683.239693, -0.668471, 0.278261, 1154.000000, 1158.000000, 4340.000000, 4500.000000, 0.210000
735.588788, -0.719697, 0.279784, 1154.000000, 1158.000000, 4520.000000, 4680.000000, 0.210000
789.768003, -0.772716, 0.281300, 1154.000000, 1158.000000, 4700.000000, 4860.000000, 0.210000
845.763216, -0.827515, 0.282810, 1154.000000, 1158.000000, 4880.000000, 5040.000000, 0.210000
903.560068, -0.884080, 0.284313, 1154.000000, 1158.000000, 5060.000000, 5220.000000, 0.210000
963.143992, -0.942398, 0.285811, 1154.000000, 1158.000000, 5240.000000, 5400.000000, 0.210000
1024.500250, -1.002455, 0.287302, 1154.000000, 1158.000000, 5420.000000, 5580.000000, 0.210000
1087.613964, -1.064236, 0.288788, 1154.000000, 1158.000000, 5600.000000, 5760.000000, 0.210000
1152.470149, -1.127729, 0.290268, 1154.000000, 1158.000000, 5780.000000, 5940.000000, 0.210000
1219.053743, -1.192917, 0.291743, 1154.000000, 1158.000000, 5960.000000, 6120.000000, 0.210000
1287.349632, -1.259788, 0.293212, 1154.000000, 1158.000000, 6140.000000, 6300.000000, 0.210000
1357.342685, -1.328327, 0.294676, 1154.000000, 1158.000000, 6320.000000, 6480.000000, 0.210000
1424.972898, -1.394563, 0.296054, 1154.000000, 1158.000000, 6500.000000, 6640.000000, 0.210000
1490.002078, -1.458253, 0.297347, 1154.000000, 1158.000000, 6660.000000, 6800.000000, 0.210000
1556.338426, -1.523229, 0.298636, 1154.000000, 1158.000000, 6820.000000, 6960.000000, 0.210000
1623.971409, -1.589481, 0.299921, 1154.000000, 1158.000000, 6980.000000, 7120.000000, 0.210000
1692.890554, -1.657000, 0.301202, 1154.000000, 1158.000000, 7140.000000, 7280.000000, 0.210000
1763.085450, -1.725776, 0.302479, 1154.000000, 1158.000000, 7300.000000, 7440.000000, 0.210000
1834.545765, -1.795798, 0.303752, 1154.000000, 1158.000000, 7460.000000, 7600.000000, 0.210000
1907.261252, -1.867058, 0.305021, 1154.000000, 1158.000000, 7620.000000, 7760.000000, 0.210000
1981.221760, -1.939546, 0.306287, 1154.000000, 1158.000000, 7780.000000, 7920.000000, 0.210000
2056.417241, -2.013253, 0.307549, 1154.000000, 1158.000000, 7940.000000, 8080.000000, 0.210000
2132.837758, -2.088168, 0.308808, 1154.000000, 1158.000000, 8100.000000, 8240.000000, 0.210000
2210.473493, -2.164283, 0.310063, 1154.000000, 1158.000000, 8260.000000, 8400.000000, 0.210000
2289.314753, -2.241590, 0.311314, 1154.000000, 1158.000000, 8420.000000, 8560.000000, 0.210000
2369.351976, -2.320078, 0.312562, 1154.000000, 1158.000000, 8580.000000, 8720.000000, 0.210000
2450.575737, -2.399739, 0.313807, 1154.000000, 1158.000000, 8740.000000, 8880.000000, 0.210000
2532.976751, -2.480565, 0.315048, 1154.000000, 1158.000000, 8900.000000, 9040.000000, 0.210000
2616.545881, -2.562546, 0.316286, 1154.000000, 1158.000000, 9060.000000, 9200.000000, 0.210000
2701.274136, -2.645675, 0.317520, 1154.000000, 1158.000000, 9220.000000, 9360.000000, 0.210000
2787.152683, -2.729943, 0.318751, 1154.000000, 1158.000000, 9380.000000, 9520.000000, 0.210000
2874.172841, -2.815342, 0.319979, 1154.000000, 1158.000000, 9540.000000, 9680.000000, 0.210000
2962.326090, -2.901864, 0.321204, 1154.000000, 1158.000000, 9700.000000, 9840.000000, 0.210000
3051.604071, -2.989501, 0.322425, 1154.000000, 1158.000000, 9860.000000, 10000.000000, 0.210000
169.123667, -0.164944, 0.257008, 1158.500000, 1162.500000, 2000.000000, 2160.000000, 0.210000
195.529750, -0.190719, 0.258624, 1158.500000, 1162.500000, 2180.000000, 2340.000000, 0.210000
223.825169, -0.218336, 0.260221, 1158.500000, 1162.500000, 2360.000000, 2520.000000, 0.210000
254.004429, -0.247790, 0.261803, 1158.500000, 1162.500000, 2540.000000, 2700.000000, 0.210000
286.061127, -0.279074, 0.263371, 1158.500000, 1162.500000, 2720.000000, 2880.000000, 0.210000
319.988046, -0.312183, 0.264927, 1158.500000, 1162.500000, 2900.000000, 3060.000000, 0.210000
355.777237, -0.347107, 0.266471, 1158.500000, 1162.500000, 3080.000000, 3240.000000, 0.210000
393.420086, -0.383839, 0.268005, 1158.500000, 1162.500000, 3260.000000, 3420.000000, 0.210000
432.907369, -0.422370, 0.269529, 1158.500000, 1162.500000, 3440.000000, 3600.000000, 0.210000
474.229308, -0.462692, 0.271045, 1158.500000, 1162.500000, 3620.000000, 3780.000000, 0.210000
517.375615, -0.504794, 0.272552, 1158.500000, 1162.500000, 3800.000000, 3960.000000, 0.210000
562.335539, -0.548665, 0.274051, 1158.500000, 1162.500000, 3980.000000, 4140.000000, 0.210000
609.097904, -0.594297, 0.275544, 1158.500000, 1162.500000, 4160.000000, 4320.000000, 0.210000
657.651146, -0.641677, 0.277029, 1158.500000, 1162.500000, 4340.000000, 4500.000000, 0.210000
707.983356, -0.690795, 0.278508, 1158.500000, 1162.500000, 4520.000000, 4680.000000, 0.210000
760.082305, -0.741638, 0.279980, 1158.500000, 1162.500000, 4700.000000, 4860.000000, 0.210000
813.935487, -0.794197, 0.281446, 1158.500000, 1162.500000, 4880.000000, 5040.000000, 0.210000
869.530145, -0.848457, 0.282907, 1158.500000, 1162.500000, 5060.000000, 5220.000000, 0.210000
926.853300, -0.904407, 0.284361, 1158.500000, 1162.500000, 5240.000000, 5400.000000, 0.210000
985.891789, -0.962036, 0.285810, 1158.500000, 1162.500000, 5420.000000, 5580.000000, 0.210000
1046.632286, -1.021329, 0.287254, 1158.500000, 1162.500000, 5600.000000, 5760.000000, 0.210000
1109.061329, -1.082275, 0.288692, 1158.500000, 1162.500000, 5780.000000, 5940.000000, 0.210000
1173.165354, -1.144862, 0.290125, 1158.500000, 1162.500000, 5960.000000, 6120.000000, 0.210000
1238.930710, -1.209075, 0.291554, 1158.500000, 1162.500000, 6140.000000, 6300.000000, 0.210000
1306.343693, -1.274903, 0.292977, 1158.500000, 1162.500000, 6320.000000, 6480.000000, 0.210000
1371.493471, -1.338530, 0.294316, 1158.500000, 1162.500000, 6500.000000, 6640.000000, 0.210000
1434.149402, -1.399723, 0.295573, 1158.500000, 1162.500000, 6660.000000, 6800.000000, 0.210000
1498.076387, -1.462163, 0.296826, 1158.500000, 1162.500000, 6820.000000, 6960.000000, 0.210000
1563.264786, -1.525841, 0.298076, 1158.500000, 1162.500000, 6980.000000, 7120.000000, 0.210000
1629.704987, -1.590747, 0.299322, 1158.500000, 1162.500000, 7140.000000, 7280.000000, 0.210000
1697.387413, -1.656873, 0.300564, 1158.500000, 1162.500000, 7300.000000, 7440.000000, 0.210000
1766.302536, -1.724210, 0.301803, 1158.500000, 1162.500000, 7460.000000, 7600.000000, 0.210000
1836.440881, -1.792749, 0.303039, 1158.500000, 1162.500000, 7620.000000, 7760.000000, 0.210000
1907.793036, -1.862481, 0.304270, 1158.500000, 1162.500000, 7780.000000, 7920.000000, 0.210000
1980.349662, -1.933397, 0.305499, 1158.500000, 1162.500000, 7940.000000, 8080.000000, 0.210000
2054.101500, -2.005490, 0.306724, 1158.500000, 1162.500000, 8100.000000, 8240.000000, 0.210000
2129.039377, -2.078750, 0.307946, 1158.500000, 1162.500000, 8260.000000, 8400.000000, 0.210000
2205.154212, -2.153168, 0.309165, 1158.500000, 1162.500000, 8420.000000, 8560.000000, 0.210000
2282.437025, -2.228737, 0.310380, 1158.500000, 1162.500000, 8580.000000, 8720.000000, 0.210000
2360.878937, -2.305448, 0.311592, 1158.500000, 1162.500000, 8740.000000, 8880.000000, 0.210000
2440.471184, -2.383293, 0.312801, 1158.500000, 1162.500000, 8900.000000, 9040.000000, 0.210000
2521.205112, -2.462264, 0.314007, 1158.500000, 1162.500000, 9060.000000, 9200.000000, 0.210000
2603.072189, -2.542354, 0.315209, 1158.500000, 1162.500000, 9220.000000, 9360.000000, 0.210000
2686.064006, -2.623553, 0.316409, 1158.500000, 1162.500000, 9380.000000, 9520.000000, 0.210000
2770.172277, -2.705854, 0.317605, 1158.500000, 1162.500000, 9540.000000, 9680.000000, 0.210000
2855.388850, -2.789251, 0.318799, 1158.500000, 1162.500000, 9700.000000, 9840.000000, 0.210000
2941.705702, -2.873735, 0.319989, 1158.500000, 1162.500000, 9860.000000, 10000.000000, 0.210000
163.560536, -0.159071, 0.256400, 1163.000000, 1167.000000, 2000.000000, 2160.000000, 0.210000
188.964463, -0.183802, 0.257970, 1163.000000, 1167.000000, 2180.000000, 2340.000000, 0.210000
216.178489, -0.210293, 0.259523, 1163.000000, 1167.000000, 2360.000000, 2520.000000, 0.210000
245.198186, -0.238541, 0.261060, 1163.000000, 1167.000000, 2540.000000, 2700.000000, 0.210000
276.018273, -0.268539, 0.262583, 1163.000000, 1167.000000, 2720.000000, 2880.000000, 0.210000
308.632712, -0.300282, 0.264094, 1163.000000, 1167.000000, 2900.000000, 3060.000000, 0.210000
343.034777, -0.333764, 0.265594, 1163.000000, 1167.000000, 3080.000000, 3240.000000, 0.210000
379.217122, -0.368978, 0.267083, 1163.000000, 1167.000000, 3260.000000, 3420.000000, 0.210000
417.171832, -0.405915, 0.268564, 1163.000000, 1167.000000, 3440.000000, 3600.000000, 0.210000
456.890471, -0.444569, 0.270036, 1163.000000, 1167.000000, 3620.000000, 3780.000000, 0.210000
498.364124, -0.484931, 0.271499, 1163.000000, 1167.000000, 3800.000000, 3960.000000, 0.210000
541.583438, -0.526992, 0.272956, 1163.000000, 1167.000000, 3980.000000, 4140.000000, 0.210000
586.538655, -0.570743, 0.274405, 1163.000000, 1167.000000, 4160.000000, 4320.000000, 0.210000
633.219647, -0.616174, 0.275848, 1163.000000, 1167.000000, 4340.000000, 4500.000000, 0.210000
681.615947, -0.663276, 0.277284, 1163.000000, 1167.000000, 4520.000000, 4680.000000, 0.210000
731.716783, -0.712038, 0.278714, 1163.000000, 1167.000000, 4700.000000, 4860.000000, 0.210000
783.511100, -0.762451, 0.280138, 1163.000000, 1167.000000, 4880.000000, 5040.000000, 0.210000
836.987594, -0.814503, 0.281557, 1163.000000, 1167.000000, 5060.000000, 5220.000000, 0.210000
892.134735, -0.868184, 0.282970, 1163.000000, 1167.000000, 5240.000000, 5400.000000, 0.210000
948.940796, -0.923483, 0.284378, 1163.000000, 1167.000000, 5420.000000, 5580.000000, 0.210000
1007.393873, -0.980388, 0.285781, 1163.000000, 1167.000000, 5600.000000, 5760.000000, 0.210000
1067.481913, -1.038890, 0.287179, 1163.000000, 1167.000000, 5780.000000, 5940.000000, 0.210000
1129.192736, -1.098975, 0.288572, 1163.000000, 1167.000000, 5960.000000, 6120.000000, 0.210000
1192.514054, -1.160633, 0.289960, 1163.000000, 1167.000000, 6140.000000, 6300.000000, 0.210000
1257.433499, -1.223851, 0.291344, 1163.000000, 1167.000000, 6320.000000, 6480.000000, 0.210000
1320.184522, -1.284968, 0.292647, 1163.000000, 1167.000000, 6500.000000, 6640.000000, 0.210000
1380.543990, -1.343756, 0.293869, 1163.000000, 1167.000000, 6660.000000, 6800.000000, 0.210000
1442.138261, -1.403751, 0.295088, 1163.000000, 1167.000000, 6820.000000, 6960.000000, 0.210000
1504.958549, -1.464945, 0.296303, 1163.000000, 1167.000000, 6980.000000, 7120.000000, 0.210000
1568.996071, -1.527331, 0.297515, 1163.000000, 1167.000000, 7140.000000, 7280.000000, 0.210000
1634.242056, -1.590900, 0.298724, 1163.000000, 1167.000000, 7300.000000, 7440.000000, 0.210000
1700.687756, -1.655643, 0.299929, 1163.000000, 1167.000000, 7460.000000, 7600.000000, 0.210000
1768.324452, -1.721553, 0.301131, 1163.000000, 1167.000000, 7620.000000, 7760.000000, 0.210000
1837.143462, -1.788621, 0.302330, 1163.000000, 1167.000000, 7780.000000, 7920.000000, 0.210000
1907.136151, -1.856841, 0.303526, 1163.000000, 1167.000000, 7940.000000, 8080.000000, 0.210000
1978.293934, -1.926202, 0.304719, 1163.000000, 1167.000000, 8100.000000, 8240.000000, 0.210000
2050.608289, -1.996699, 0.305908, 1163.000000, 1167.000000, 8260.000000, 8400.000000, 0.210000
2124.070755, -2.068322, 0.307095, 1163.000000, 1167.000000, 8420.000000, 8560.000000, 0.210000
2198.672946, -2.141064, 0.308278, 1163.000000, 1167.000000, 8580.000000, 8720.000000, 0.210000
2274.406552, -2.214918, 0.309459, 1163.000000, 1167.000000, 8740.000000, 8880.000000, 0.210000
2351.263346, -2.289875, 0.310636, 1163.000000, 1167.000000, 8900.000000, 9040.000000, 0.210000
2429.235187, -2.365928, 0.311811, 1163.000000, 1167.000000, 9060.000000, 9200.000000, 0.210000
2508.314027, -2.443070, 0.312983, 1163.000000, 1167.000000, 9220.000000, 9360.000000, 0.210000
2588.491915, -2.521293, 0.314152, 1163.000000, 1167.000000, 9380.000000, 9520.000000, 0.210000
2669.760996, -2.600590, 0.315318, 1163.000000, 1167.000000, 9540.000000, 9680.000000, 0.210000
2752.113522, -2.680954, 0.316481, 1163.000000, 1167.000000, 9700.000000, 9840.000000, 0.210000
2835.541850, -2.762378, 0.317641, 1163.000000, 1167.000000, 9860.000000, 10000.000000, 0.210000
158.271290, -0.153498, 0.255815, 1167.500000, 1171.500000, 2000.000000, 2160.000000, 0.210000
182.720576, -0.177238, 0.257343, 1167.500000, 1171.500000, 2180.000000, 2340.000000, 0.210000
208.904035, -0.202660, 0.258852, 1167.500000, 1171.500000, 2360.000000, 2520.000000, 0.210000
236.818165, -0.229761, 0.260347, 1167.500000, 1171.500000, 2540.000000, 2700.000000, 0.210000
266.458666, -0.258536, 0.261827, 1167.500000, 1171.500000, 2720.000000, 2880.000000, 0.210000
297.820526, -0.288980, 0.263295, 1167.500000, 1171.500000, 2900.000000, 3060.000000, 0.210000
330.898090, -0.321089, 0.264753, 1167.500000, 1171.500000, 3080.000000, 3240.000000, 0.210000
365.685125, -0.354857, 0.266200, 1167.500000, 1171.500000, 3260.000000, 3420.000000, 0.210000
402.174865, -0.390276, 0.267638, 1167.500000, 1171.500000, 3440.000000, 3600.000000, 0.210000
440.360056, -0.427341, 0.269068, 1167.500000, 1171.500000, 3620.000000, 3780.000000, 0.210000
480.232997, -0.466044, 0.270490, 1167.500000, 1171.500000, 3800.000000, 3960.000000, 0.210000
521.785570, -0.506377, 0.271905, 1167.500000, 1171.500000, 3980.000000, 4140.000000, 0.210000
565.009278, -0.548332, 0.273313, 1167.500000, 1171.500000, 4160.000000, 4320.000000, 0.210000
609.895269, -0.591902, 0.274715, 1167.500000, 1171.500000, 4340.000000, 4500.000000, 0.210000
656.434369, -0.637077, 0.276110, 1167.500000, 1171.500000, 4520.000000, 4680.000000, 0.210000
704.617105, -0.683849, 0.277500, 1167.500000, 1171.500000, 4700.000000, 4860.000000, 0.210000
754.433732, -0.732208, 0.278884, 1167.500000, 1171.500000, 4880.000000, 5040.000000, 0.210000
805.874255, -0.782146, 0.280262, 1167.500000, 1171.500000, 5060.000000, 5220.000000, 0.210000
858.928456, -0.833653, 0.281636, 1167.500000, 1171.500000, 5240.000000, 5400.000000, 0.210000
913.585913, -0.886718, 0.283004, 1167.500000, 1171.500000, 5420.000000, 5580.000000, 0.210000
969.836022, -0.941333, 0.284368, 1167.500000, 1171.500000, 5600.000000, 5760.000000, 0.210000
1027.668017, -0.997488, 0.285727, 1167.500000, 1171.500000, 5780.000000, 5940.000000, 0.210000
1087.070995, -1.055171, 0.287081, 1167.500000, 1171.500000, 5960.000000, 6120.000000, 0.210000
1148.033929, -1.114373, 0.288431, 1167.500000, 1171.500000, 6140.000000, 6300.000000, 0.210000
1210.545688, -1.175084, 0.289776, 1167.500000, 1171.500000, 6320.000000, 6480.000000, 0.210000
1270.979141, -1.233784, 0.291043, 1167.500000, 1171.500000, 6500.000000, 6640.000000, 0.210000
1329.118589, -1.290257, 0.292231, 1167.500000, 1171.500000, 6660.000000, 6800.000000, 0.210000
1388.456569, -1.347898, 0.293417, 1167.500000, 1171.500000, 6820.000000, 6960.000000, 0.210000
1448.985100, -1.406701, 0.294599, 1167.500000, 1171.500000, 6980.000000, 7120.000000, 0.210000
1510.696189, -1.466657, 0.295779, 1167.500000, 1171.500000, 7140.000000, 7280.000000, 0.210000
1573.581835, -1.527759, 0.296955, 1167.500000, 1171.500000, 7300.000000, 7440.000000, 0.210000
1637.634041, -1.590000, 0.298128, 1167.500000, 1171.500000, 7460.000000, 7600.000000, 0.210000
1702.844817, -1.653372, 0.299297, 1167.500000, 1171.500000, 7620.000000, 7760.000000, 0.210000
1769.206190, -1.717869, 0.300464, 1167.500000, 1171.500000, 7780.000000, 7920.000000, 0.210000
1836.710211, -1.783482, 0.301628, 1167.500000, 1171.500000, 7940.000000, 8080.000000, 0.210000
1905.348963, -1.850205, 0.302790, 1167.500000, 1171.500000, 8100.000000, 8240.000000, 0.210000
1975.114562, -1.918029, 0.303948, 1167.500000, 1171.500000, 8260.000000, 8400.000000, 0.210000
2045.999169, -1.986949, 0.305103, 1167.500000, 1171.500000, 8420.000000, 8560.000000, 0.210000
2117.994993, -2.056956, 0.306256, 1167.500000, 1171.500000, 8580.000000, 8720.000000, 0.210000
2191.094296, -2.128043, 0.307406, 1167.500000, 1171.500000, 8740.000000, 8880.000000, 0.210000
2265.289401, -2.200204, 0.308553, 1167.500000, 1171.500000, 8900.000000, 9040.000000, 0.210000
2340.572692, -2.273432, 0.309697, 1167.500000, 1171.500000, 9060.000000, 9200.000000, 0.210000
2416.936622, -2.347718, 0.310838, 1167.500000, 1171.500000, 9220.000000, 9360.000000, 0.210000
2494.373718, -2.423057, 0.311977, 1167.500000, 1171.500000, 9380.000000, 9520.000000, 0.210000
2572.876580, -2.499442, 0.313114, 1167.500000, 1171.500000, 9540.000000, 9680.000000, 0.210000
2652.437891, -2.576865, 0.314247, 1167.500000, 1171.500000, 9700.000000, 9840.000000, 0.210000
2733.050416, -2.655321, 0.315379, 1167.500000, 1171.500000, 9860.000000, 10000.000000, 0.210000
153.241285, -0.148210, 0.255254, 1172.000000, 1176.000000, 2000.000000, 2160.000000, 0.210000
176.781075, -0.171008, 0.256741, 1172.000000, 1176.000000, 2180.000000, 2340.000000, 0.210000
201.982310, -0.195413, 0.258209, 1172.000000, 1176.000000, 2360.000000, 2520.000000, 0.210000
228.842299, -0.221424, 0.259662, 1172.000000, 1176.000000, 2540.000000, 2700.000000, 0.210000
257.357592, -0.249036, 0.261102, 1172.000000, 1176.000000, 2720.000000, 2880.000000, 0.210000
287.524075, -0.278245, 0.262529, 1172.000000, 1176.000000, 2900.000000, 3060.000000, 0.210000
319.337031, -0.309047, 0.263946, 1172.000000, 1176.000000, 3080.000000, 3240.000000, 0.210000
352.791200, -0.341438, 0.265353, 1172.000000, 1176.000000, 3260.000000, 3420.000000, 0.210000
387.880826, -0.375411, 0.266751, 1172.000000, 1176.000000, 3440.000000, 3600.000000, 0.210000
424.599694, -0.410961, 0.268141, 1172.000000, 1176.000000, 3620.000000, 3780.000000, 0.210000
462.941172, -0.448082, 0.269523, 1172.000000, 1176.000000, 3800.000000, 3960.000000, 0.210000
502.898237, -0.486767, 0.270898, 1172.000000, 1176.000000, 3980.000000, 4140.000000, 0.210000
544.463506, -0.527008, 0.272266, 1172.000000, 1176.000000, 4160.000000, 4320.000000, 0.210000
587.629262, -0.568800, 0.273628, 1172.000000, 1176.000000, 4340.000000, 4500.000000, 0.210000
632.387482, -0.612135, 0.274984, 1172.000000, 1176.000000, 4520.000000, 4680.000000, 0.210000
678.729855, -0.657004, 0.276335, 1172.000000, 1176.000000, 4700.000000, 4860.000000, 0.210000
726.647809, -0.703399, 0.277680, 1172.000000, 1176.000000, 4880.000000, 5040.000000, 0.210000
776.132527, -0.751314, 0.279020, 1172.000000, 1176.000000, 5060.000000, 5220.000000, 0.210000
827.174972, -0.800739, 0.280355, 1172.000000, 1176.000000, 5240.000000, 5400.000000, 0.210000
879.765906, -0.851665, 0.281685, 1172.000000, 1176.000000, 5420.000000, 5580.000000, 0.210000
933.895902, -0.904084, 0.283011, 1172.000000, 1176.000000, 5600.000000, 5760.000000, 0.210000
989.555373, -0.957988, 0.284332, 1172.000000, 1176.000000, 5780.000000, 5940.000000, 0.210000
1046.734580, -1.013366, 0.285649, 1172.000000, 1176.000000, 5960.000000, 6120.000000, 0.210000
1105.423653, -1.070210, 0.286962, 1172.000000, 1176.000000, 6140.000000, 6300.000000, 0.210000
1165.612608, -1.128511, 0.288270, 1172.000000, 1176.000000, 6320.000000, 6480.000000, 0.210000
1223.808896, -1.184889, 0.289502, 1172.000000, 1176.000000, 6500.000000, 6640.000000, 0.210000
1279.804161, -1.239136, 0.290658, 1172.000000, 1176.000000, 6660.000000, 6800.000000, 0.210000
1336.961778, -1.294512, 0.291812, 1172.000000, 1176.000000, 6820.000000, 6960.000000, 0.210000
1395.274525, -1.351011, 0.292962, 1172.000000, 1176.000000, 6980.000000, 7120.000000, 0.210000
1454.735152, -1.408627, 0.294109, 1172.000000, 1176.000000, 7140.000000, 7280.000000, 0.210000
1515.336388, -1.467353, 0.295254, 1172.000000, 1176.000000, 7300.000000, 7440.000000, 0.210000
1577.070947, -1.527182, 0.296395, 1172.000000, 1176.000000, 7460.000000, 7600.000000, 0.210000
1639.931538, -1.588107, 0.297534, 1172.000000, 1176.000000, 7620.000000, 7760.000000, 0.210000
1703.910868, -1.650122, 0.298670, 1172.000000, 1176.000000, 7780.000000, 7920.000000, 0.210000
1769.001652, -1.713220, 0.299803, 1172.000000, 1176.000000, 7940.000000, 8080.000000, 0.210000
1835.196615, -1.777394, 0.300934, 1172.000000, 1176.000000, 8100.000000, 8240.000000, 0.210000
1902.488501, -1.842638, 0.302062, 1172.000000, 1176.000000, 8260.000000, 8400.000000, 0.210000
1970.870079, -1.908944, 0.303187, 1172.000000, 1176.000000, 8420.000000, 8560.000000, 0.210000
2040.334145, -1.976307, 0.304309, 1172.000000, 1176.000000, 8580.000000, 8720.000000, 0.210000
2110.873531, -2.044720, 0.305429, 1172.000000, 1176.000000, 8740.000000, 8880.000000, 0.210000
2182.481105, -2.114175, 0.306546, 1172.000000, 1176.000000, 8900.000000, 9040.000000, 0.210000
2255.149782, -2.184668, 0.307661, 1172.000000, 1176.000000, 9060.000000, 9200.000000, 0.210000
2328.872522, -2.256190, 0.308774, 1172.000000, 1176.000000, 9220.000000, 9360.000000, 0.210000
2403.642340, -2.328736, 0.309883, 1172.000000, 1176.000000, 9380.000000, 9520.000000, 0.210000
2479.452305, -2.402299, 0.310991, 1172.000000, 1176.000000, 9540.000000, 9680.000000, 0.210000
2556.295544, -2.476874, 0.312096, 1172.000000, 1176.000000, 9700.000000, 9840.000000, 0.210000
2634.165251, -2.552453, 0.313198, 1172.000000, 1176.000000, 9860.000000, 10000.000000, 0.210000
148.456680, -0.143189, 0.254715, 1176.500000, 1180.500000, 2000.000000, 2160.000000, 0.210000
171.129854, -0.165092, 0.256162, 1176.500000, 1180.500000, 2180.000000, 2340.000000, 0.210000
195.394833, -0.188532, 0.257592, 1176.500000, 1180.500000, 2360.000000, 2520.000000, 0.210000
221.249630, -0.213506, 0.259005, 1176.500000, 1180.500000, 2540.000000, 2700.000000, 0.210000
248.691540, -0.240011, 0.260406, 1176.500000, 1180.500000, 2720.000000, 2880.000000, 0.210000
277.717230, -0.268045, 0.261794, 1176.500000, 1180.500000, 2900.000000, 3060.000000, 0.210000
308.322804, -0.297604, 0.263172, 1176.500000, 1180.500000, 3080.000000, 3240.000000, 0.210000
340.503854, -0.328684, 0.264540, 1176.500000, 1180.500000, 3260.000000, 3420.000000, 0.210000
374.255509, -0.361280, 0.265900, 1176.500000, 1180.500000, 3440.000000, 3600.000000, 0.210000
409.572470, -0.395386, 0.267251, 1176.500000, 1180.500000, 3620.000000, 3780.000000, 0.210000
446.449044, -0.430999, 0.268595, 1176.500000, 1180.500000, 3800.000000, 3960.000000, 0.210000
484.879174, -0.468112, 0.269931, 1176.500000, 1180.500000, 3980.000000, 4140.000000, 0.210000
524.856464, -0.506718, 0.271262, 1176.500000, 1180.500000, 4160.000000, 4320.000000, 0.210000
566.374204, -0.546813, 0.272586, 1176.500000, 1180.500000, 4340.000000, 4500.000000, 0.210000
609.425392, -0.588389, 0.273904, 1176.500000, 1180.500000, 4520.000000, 4680.000000, 0.210000
654.002753, -0.631440, 0.275217, 1176.500000, 1180.500000, 4700.000000, 4860.000000, 0.210000
700.098763, -0.675958, 0.276525, 1176.500000, 1180.500000, 4880.000000, 5040.000000, 0.210000
747.705662, -0.721937, 0.277828, 1176.500000, 1180.500000, 5060.000000, 5220.000000, 0.210000
796.815476, -0.769369, 0.279126, 1176.500000, 1180.500000, 5240.000000, 5400.000000, 0.210000
847.420029, -0.818247, 0.280420, 1176.500000, 1180.500000, 5420.000000, 5580.000000, 0.210000
899.510966, -0.868562, 0.281709, 1176.500000, 1180.500000, 5600.000000, 5760.000000, 0.210000
953.079762, -0.920308, 0.282994, 1176.500000, 1180.500000, 5780.000000, 5940.000000, 0.210000
1008.117744, -0.973476, 0.284274, 1176.500000, 1180.500000, 5960.000000, 6120.000000, 0.210000
1064.616098, -1.028057, 0.285551, 1176.500000, 1180.500000, 6140.000000, 6300.000000, 0.210000
1122.565889, -1.084045, 0.286824, 1176.500000, 1180.500000, 6320.000000, 6480.000000, 0.210000
1178.604379, -1.138193, 0.288022, 1176.500000, 1180.500000, 6500.000000, 6640.000000, 0.210000
1232.530436, -1.190299, 0.289147, 1176.500000, 1180.500000, 6660.000000, 6800.000000, 0.210000
1287.582872, -1.243498, 0.290270, 1176.500000, 1180.500000, 6820.000000, 6960.000000, 0.210000
1343.755170, -1.297782, 0.291389, 1176.500000, 1180.500000, 6980.000000, 7120.000000, 0.210000
1401.040776, -1.353146, 0.292505, 1176.500000, 1180.500000, 7140.000000, 7280.000000, 0.210000
1459.433101, -1.409584, 0.293619, 1176.500000, 1180.500000, 7300.000000, 7440.000000, 0.210000
1518.925533, -1.467089, 0.294730, 1176.500000, 1180.500000, 7460.000000, 7600.000000, 0.210000
1579.511439, -1.525656, 0.295839, 1176.500000, 1180.500000, 7620.000000, 7760.000000, 0.210000
1641.184175, -1.585279, 0.296945, 1176.500000, 1180.500000, 7780.000000, 7920.000000, 0.210000
1703.937085, -1.645951, 0.298048, 1176.500000, 1180.500000, 7940.000000, 8080.000000, 0.210000
1767.763516, -1.707666, 0.299149, 1176.500000, 1180.500000, 8100.000000, 8240.000000, 0.210000
1832.656814, -1.770419, 0.300247, 1176.500000, 1180.500000, 8260.000000, 8400.000000, 0.210000
1898.610335, -1.834202, 0.301343, 1176.500000, 1180.500000, 8420.000000, 8560.000000, 0.210000
1965.617448, -1.899011, 0.302436, 1176.500000, 1180.500000, 8580.000000, 8720.000000, 0.210000
2033.671540, -1.964839, 0.303527, 1176.500000, 1180.500000, 8740.000000, 8880.000000, 0.210000
2102.766020, -2.031679, 0.304616, 1176.500000, 1180.500000, 8900.000000, 9040.000000, 0.210000
2172.894325, -2.099527, 0.305702, 1176.500000, 1180.500000, 9060.000000, 9200.000000, 0.210000
2244.049922, -2.168375, 0.306786, 1176.500000, 1180.500000, 9220.000000, 9360.000000, 0.210000
2316.226312, -2.238218, 0.307867, 1176.500000, 1180.500000, 9380.000000, 9520.000000, 0.210000
2389.417035, -2.309051, 0.308946, 1176.500000, 1180.500000, 9540.000000, 9680.000000, 0.210000
2463.615675, -2.380866, 0.310023, 1176.500000, 1180.500000, 9700.000000, 9840.000000, 0.210000
2538.815859, -2.453659, 0.311098, 1176.500000, 1180.500000, 9860.000000, 10000.000000, 0.210000
143.904405, -0.138421, 0.254197, 1181.000000, 1185.000000, 2000.000000, 2160.000000, 0.210000
165.751681, -0.159473, 0.255607, 1181.000000, 1185.000000, 2180.000000, 2340.000000, 0.210000
189.124096, -0.181995, 0.256998, 1181.000000, 1185.000000, 2360.000000, 2520.000000, 0.210000
214.020275, -0.205983, 0.258375, 1181.000000, 1185.000000, 2540.000000, 2700.000000, 0.210000
240.438164, -0.231437, 0.259738, 1181.000000, 1185.000000, 2720.000000, 2880.000000, 0.210000
268.375112, -0.258353, 0.261089, 1181.000000, 1185.000000, 2900.000000, 3060.000000, 0.210000
297.827939, -0.286728, 0.262429, 1181.000000, 1185.000000, 3080.000000, 3240.000000, 0.210000
328.792984, -0.316560, 0.263760, 1181.000000, 1185.000000, 3260.000000, 3420.000000, 0.210000
361.266152, -0.347843, 0.265083, 1181.000000, 1185.000000, 3440.000000, 3600.000000, 0.210000
395.242947, -0.380575, 0.266397, 1181.000000, 1185.000000, 3620.000000, 3780.000000, 0.210000
430.718504, -0.414750, 0.267704, 1181.000000, 1185.000000, 3800.000000, 3960.000000, 0.210000
467.687617, -0.450363, 0.269004, 1181.000000, 1185.000000, 3980.000000, 4140.000000, 0.210000
506.144762, -0.487410, 0.270298, 1181.000000, 1185.000000, 4160.000000, 4320.000000, 0.210000
546.084119, -0.525885, 0.271586, 1181.000000, 1185.000000, 4340.000000, 4500.000000, 0.210000
587.499593, -0.565782, 0.272868, 1181.000000, 1185.000000, 4520.000000, 4680.000000, 0.210000
630.384832, -0.607095, 0.274145, 1181.000000, 1185.000000, 4700.000000, 4860.000000, 0.210000
674.733244, -0.649819, 0.275417, 1181.000000, 1185.000000, 4880.000000, 5040.000000, 0.210000
720.538014, -0.693948, 0.276684, 1181.000000, 1185.000000, 5060.000000, 5220.000000, 0.210000
767.792118, -0.739474, 0.277947, 1181.000000, 1185.000000, 5240.000000, 5400.000000, 0.210000
816.488342, -0.786390, 0.279205, 1181.000000, 1185.000000, 5420.000000, 5580.000000, 0.210000
866.619289, -0.834692, 0.280459, 1181.000000, 1185.000000, 5600.000000, 5760.000000, 0.210000
918.177400, -0.884370, 0.281708, 1181.000000, 1185.000000, 5780.000000, 5940.000000, 0.210000
971.154963, -0.935419, 0.282954, 1181.000000, 1185.000000, 5960.000000, 6120.000000, 0.210000
1025.544129, -0.987831, 0.284196, 1181.000000, 1185.000000, 6140.000000, 6300.000000, 0.210000
1081.336919, -1.041598, 0.285435, 1181.000000, 1185.000000, 6320.000000, 6480.000000, 0.210000
1135.295703, -1.093605, 0.286601, 1181.000000, 1185.000000, 6500.000000, 6640.000000, 0.210000
1187.226437, -1.143656, 0.287696, 1181.000000, 1185.000000, 6660.000000, 6800.000000, 0.210000
1240.247890, -1.194762, 0.288788, 1181.000000, 1185.000000, 6820.000000, 6960.000000, 0.210000
1294.354196, -1.246917, 0.289877, 1181.000000, 1185.000000, 6980.000000, 7120.000000, 0.210000
1349.539445, -1.300116, 0.290964, 1181.000000, 1185.000000, 7140.000000, 7280.000000, 0.210000
1405.797687, -1.354352, 0.292048, 1181.000000, 1185.000000, 7300.000000, 7440.000000, 0.210000
1463.122936, -1.409622, 0.293130, 1181.000000, 1185.000000, 7460.000000, 7600.000000, 0.210000
1521.509181, -1.465918, 0.294209, 1181.000000, 1185.000000, 7620.000000, 7760.000000, 0.210000
1580.950383, -1.523236, 0.295286, 1181.000000, 1185.000000, 7780.000000, 7920.000000, 0.210000
1641.440488, -1.581571, 0.296360, 1181.000000, 1185.000000, 7940.000000, 8080.000000, 0.210000
1702.973428, -1.640916, 0.297432, 1181.000000, 1185.000000, 8100.000000, 8240.000000, 0.210000
1765.543124, -1.701266, 0.298502, 1181.000000, 1185.000000, 8260.000000, 8400.000000, 0.210000
1829.143496, -1.762615, 0.299569, 1181.000000, 1185.000000, 8420.000000, 8560.000000, 0.210000
1893.768464, -1.824958, 0.300634, 1181.000000, 1185.000000, 8580.000000, 8720.000000, 0.210000
1959.411950, -1.888290, 0.301697, 1181.000000, 1185.000000, 8740.000000, 8880.000000, 0.210000
2026.067889, -1.952605, 0.302757, 1181.000000, 1185.000000, 8900.000000, 9040.000000, 0.210000
2093.730226, -2.017897, 0.303816, 1181.000000, 1185.000000, 9060.000000, 9200.000000, 0.210000
2162.392924, -2.084161, 0.304872, 1181.000000, 1185.000000, 9220.000000, 9360.000000, 0.210000
2232.049967, -2.151391, 0.305926, 1181.000000, 1185.000000, 9380.000000, 9520.000000, 0.210000
2302.695361, -2.219582, 0.306978, 1181.000000, 1185.000000, 9540.000000, 9680.000000, 0.210000
2374.323142, -2.288729, 0.308028, 1181.000000, 1185.000000, 9700.000000, 9840.000000, 0.210000
2446.927375, -2.358825, 0.309075, 1181.000000, 1185.000000, 9860.000000, 10000.000000, 0.210000
139.805989, -0.134135, 0.253726, 1185.500000, 1189.000000, 2000.000000, 2160.000000, 0.210000
160.908565, -0.154424, 0.255101, 1185.500000, 1189.000000, 2180.000000, 2340.000000, 0.210000
183.475928, -0.176119, 0.256459, 1185.500000, 1189.000000, 2360.000000, 2520.000000, 0.210000
207.507208, -0.199221, 0.257802, 1185.500000, 1189.000000, 2540.000000, 2700.000000, 0.210000
233.000890, -0.223728, 0.259131, 1185.500000, 1189.000000, 2720.000000, 2880.000000, 0.210000
259.954890, -0.249637, 0.260448, 1185.500000, 1189.000000, 2900.000000, 3060.000000, 0.210000
288.366619, -0.276947, 0.261755, 1185.500000, 1189.000000, 3080.000000, 3240.000000, 0.210000
318.233038, -0.305654, 0.263052, 1185.500000, 1189.000000, 3260.000000, 3420.000000, 0.210000
349.550696, -0.335755, 0.264341, 1185.500000, 1189.000000, 3440.000000, 3600.000000, 0.210000
382.315766, -0.367247, 0.265622, 1185.500000, 1189.000000, 3620.000000, 3780.000000, 0.210000
416.524073, -0.400126, 0.266895, 1185.500000, 1189.000000, 3800.000000, 3960.000000, 0.210000
452.171123, -0.434387, 0.268162, 1185.500000, 1189.000000, 3980.000000, 4140.000000, 0.210000
489.252119, -0.470026, 0.269423, 1185.500000, 1189.000000, 4160.000000, 4320.000000, 0.210000
527.761991, -0.507039, 0.270678, 1185.500000, 1189.000000, 4340.000000, 4500.000000, 0.210000
567.695403, -0.545420, 0.271927, 1185.500000, 1189.000000, 4520.000000, 4680.000000, 0.210000
609.046780, -0.585164, 0.273171, 1185.500000, 1189.000000, 4700.000000, 4860.000000, 0.210000
651.810318, -0.626267, 0.274411, 1185.500000, 1189.000000, 4880.000000, 5040.000000, 0.210000
695.979998, -0.668722, 0.275645, 1185.500000, 1189.000000, 5060.000000, 5220.000000, 0.210000
741.549605, -0.712523, 0.276876, 1185.500000, 1189.000000, 5240.000000, 5400.000000, 0.210000
788.512736, -0.757666, 0.278101, 1185.500000, 1189.000000, 5420.000000, 5580.000000, 0.210000
836.862815, -0.804143, 0.279323, 1185.500000, 1189.000000, 5600.000000, 5760.000000, 0.210000
886.593106, -0.851949, 0.280541, 1185.500000, 1189.000000, 5780.000000, 5940.000000, 0.210000
937.696721, -0.901078, 0.281756, 1185.500000, 1189.000000, 5960.000000, 6120.000000, 0.210000
990.166637, -0.951523, 0.282966, 1185.500000, 1189.000000, 6140.000000, 6300.000000, 0.210000
1043.995699, -1.003277, 0.284173, 1185.500000, 1189.000000, 6320.000000, 6480.000000, 0.210000
1096.060222, -1.053341, 0.285310, 1185.500000, 1189.000000, 6500.000000, 6640.000000, 0.210000
1146.172721, -1.101527, 0.286377, 1185.500000, 1189.000000, 6660.000000, 6800.000000, 0.210000
1197.342629, -1.150733, 0.287442, 1185.500000, 1189.000000, 6820.000000, 6960.000000, 0.210000
1249.564648, -1.200953, 0.288504, 1185.500000, 1189.000000, 6980.000000, 7120.000000, 0.210000
1302.833432, -1.252184, 0.289563, 1185.500000, 1189.000000, 7140.000000, 7280.000000, 0.210000
1357.143588, -1.304419, 0.290620, 1185.500000, 1189.000000, 7300.000000, 7440.000000, 0.210000
1412.489684, -1.357655, 0.291675, 1185.500000, 1189.000000, 7460.000000, 7600.000000, 0.210000
1468.866254, -1.411885, 0.292727, 1185.500000, 1189.000000, 7620.000000, 7760.000000, 0.210000
1526.267798, -1.467106, 0.293777, 1185.500000, 1189.000000, 7780.000000, 7920.000000, 0.210000
1584.688793, -1.523311, 0.294825, 1185.500000, 1189.000000, 7940.000000, 8080.000000, 0.210000
1644.123694, -1.580497, 0.295871, 1185.500000, 1189.000000, 8100.000000, 8240.000000, 0.210000
1704.566936, -1.638658, 0.296914, 1185.500000, 1189.000000, 8260.000000, 8400.000000, 0.210000
1766.012945, -1.697788, 0.297955, 1185.500000, 1189.000000, 8420.000000, 8560.000000, 0.210000
1828.456136, -1.757883, 0.298994, 1185.500000, 1189.000000, 8580.000000, 8720.000000, 0.210000
1891.890918, -1.818938, 0.300031, 1185.500000, 1189.000000, 8740.000000, 8880.000000, 0.210000
1956.311701, -1.880948, 0.301066, 1185.500000, 1189.000000, 8900.000000, 9040.000000, 0.210000
2021.712895, -1.943907, 0.302099, 1185.500000, 1189.000000, 9060.000000, 9200.000000, 0.210000
2088.088917, -2.007811, 0.303130, 1185.500000, 1189.000000, 9220.000000, 9360.000000, 0.210000
2155.434193, -2.072654, 0.304159, 1185.500000, 1189.000000, 9380.000000, 9520.000000, 0.210000
2223.743162, -2.138431, 0.305186, 1185.500000, 1189.000000, 9540.000000, 9680.000000, 0.210000
2293.010279, -2.205138, 0.306210, 1185.500000, 1189.000000, 9700.000000, 9840.000000, 0.210000
2363.230017, -2.272770, 0.307233, 1185.500000, 1189.000000, 9860.000000, 10000.000000, 0.210000
136.120307, -0.130288, 0.253298, 1189.500000, 1193.000000, 2000.000000, 2160.000000, 0.210000
156.552225, -0.149889, 0.254643, 1189.500000, 1193.000000, 2180.000000, 2340.000000, 0.210000
178.394387, -0.170843, 0.255970, 1189.500000, 1193.000000, 2360.000000, 2520.000000, 0.210000
201.646343, -0.193148, 0.257282, 1189.500000, 1193.000000, 2540.000000, 2700.000000, 0.210000
226.307024, -0.216803, 0.258581, 1189.500000, 1193.000000, 2720.000000, 2880.000000, 0.210000
252.374815, -0.241808, 0.259867, 1189.500000, 1193.000000, 2900.000000, 3060.000000, 0.210000
279.847623, -0.268159, 0.261144, 1189.500000, 1193.000000, 3080.000000, 3240.000000, 0.210000
308.722923, -0.295855, 0.262411, 1189.500000, 1193.000000, 3260.000000, 3420.000000, 0.210000
338.997803, -0.324892, 0.263669, 1189.500000, 1193.000000, 3440.000000, 3600.000000, 0.210000
370.668993, -0.355268, 0.264919, 1189.500000, 1193.000000, 3620.000000, 3780.000000, 0.210000
403.732895, -0.386980, 0.266163, 1189.500000, 1193.000000, 3800.000000, 3960.000000, 0.210000
438.185608, -0.420023, 0.267400, 1189.500000, 1193.000000, 3980.000000, 4140.000000, 0.210000
474.022948, -0.454394, 0.268630, 1189.500000, 1193.000000, 4160.000000, 4320.000000, 0.210000
511.240471, -0.490088, 0.269855, 1189.500000, 1193.000000, 4340.000000, 4500.000000, 0.210000
549.833481, -0.527103, 0.271075, 1189.500000, 1193.000000, 4520.000000, 4680.000000, 0.210000
589.797057, -0.565432, 0.272289, 1189.500000, 1193.000000, 4700.000000, 4860.000000, 0.210000
631.126057, -0.605071, 0.273499, 1189.500000, 1193.000000, 4880.000000, 5040.000000, 0.210000
673.815140, -0.646015, 0.274704, 1189.500000, 1193.000000, 5060.000000, 5220.000000, 0.210000
717.858771, -0.688260, 0.275905, 1189.500000, 1193.000000, 5240.000000, 5400.000000, 0.210000
763.251240, -0.731800, 0.277102, 1189.500000, 1193.000000, 5420.000000, 5580.000000, 0.210000
809.986667, -0.776629, 0.278294, 1189.500000, 1193.000000, 5600.000000, 5760.000000, 0.210000
858.059016, -0.822743, 0.279483, 1189.500000, 1193.000000, 5780.000000, 5940.000000, 0.210000
907.462106, -0.870135, 0.280669, 1189.500000, 1193.000000, 5960.000000, 6120.000000, 0.210000
958.189619, -0.918800, 0.281851, 1189.500000, 1193.000000, 6140.000000, 6300.000000, 0.210000
1010.235111, -0.968732, 0.283029, 1189.500000, 1193.000000, 6320.000000, 6480.000000, 0.210000
1060.578421, -1.017037, 0.284139, 1189.500000, 1193.000000, 6500.000000, 6640.000000, 0.210000
1109.038105, -1.063533, 0.285181, 1189.500000, 1193.000000, 6660.000000, 6800.000000, 0.210000
1158.524251, -1.111017, 0.286220, 1189.500000, 1193.000000, 6820.000000, 6960.000000, 0.210000
1209.032054, -1.159484, 0.287258, 1189.500000, 1193.000000, 6980.000000, 7120.000000, 0.210000
1260.556658, -1.208930, 0.288292, 1189.500000, 1193.000000, 7140.000000, 7280.000000, 0.210000
1313.093158, -1.259350, 0.289325, 1189.500000, 1193.000000, 7300.000000, 7440.000000, 0.210000
1366.636603, -1.310740, 0.290355, 1189.500000, 1193.000000, 7460.000000, 7600.000000, 0.210000
1421.182005, -1.363095, 0.291383, 1189.500000, 1193.000000, 7620.000000, 7760.000000, 0.210000
1476.724340, -1.416411, 0.292409, 1189.500000, 1193.000000, 7780.000000, 7920.000000, 0.210000
1533.258552, -1.470683, 0.293432, 1189.500000, 1193.000000, 7940.000000, 8080.000000, 0.210000
1590.779558, -1.525906, 0.294454, 1189.500000, 1193.000000, 8100.000000, 8240.000000, 0.210000
1649.282252, -1.582077, 0.295473, 1189.500000, 1193.000000, 8260.000000, 8400.000000, 0.210000
1708.761506, -1.639189, 0.296491, 1189.500000, 1193.000000, 8420.000000, 8560.000000, 0.210000
1769.212179, -1.697239, 0.297506, 1189.500000, 1193.000000, 8580.000000, 8720.000000, 0.210000
1830.629117, -1.756223, 0.298519, 1189.500000, 1193.000000, 8740.000000, 8880.000000, 0.210000
1893.007155, -1.816134, 0.299531, 1189.500000, 1193.000000, 8900.000000, 9040.000000, 0.210000
1956.341123, -1.876969, 0.300540, 1189.500000, 1193.000000, 9060.000000, 9200.000000, 0.210000
2020.625850, -1.938723, 0.301548, 1189.500000, 1193.000000, 9220.000000, 9360.000000, 0.210000
2085.856164, -2.001391, 0.302553, 1189.500000, 1193.000000, 9380.000000, 9520.000000, 0.210000
2152.026897, -2.064969, 0.303557, 1189.500000, 1193.000000, 9540.000000, 9680.000000, 0.210000
2219.132889, -2.129452, 0.304559, 1189.500000, 1193.000000, 9700.000000, 9840.000000, 0.210000
2287.168987, -2.194835, 0.305559, 1189.500000, 1193.000000, 9860.000000, 10000.000000, 0.210000
132.591943, -0.126610, 0.252885, 1193.500000, 1197.000000, 2000.000000, 2160.000000, 0.210000
152.380972, -0.145554, 0.254200, 1193.500000, 1197.000000, 2180.000000, 2340.000000, 0.210000
173.527795, -0.165798, 0.255498, 1193.500000, 1197.000000, 2360.000000, 2520.000000, 0.210000
196.032335, -0.187341, 0.256780, 1193.500000, 1197.000000, 2540.000000, 2700.000000, 0.210000
219.893918, -0.210182, 0.258049, 1193.500000, 1197.000000, 2720.000000, 2880.000000, 0.210000
245.111345, -0.234320, 0.259307, 1193.500000, 1197.000000, 2900.000000, 3060.000000, 0.210000
271.682963, -0.259754, 0.260554, 1193.500000, 1197.000000, 3080.000000, 3240.000000, 0.210000
299.606705, -0.286481, 0.261791, 1193.500000, 1197.000000, 3260.000000, 3420.000000, 0.210000
328.880136, -0.314500, 0.263020, 1193.500000, 1197.000000, 3440.000000, 3600.000000, 0.210000
359.500483, -0.343807, 0.264242, 1193.500000, 1197.000000, 3620.000000, 3780.000000, 0.210000
391.464662, -0.374400, 0.265456, 1193.500000, 1197.000000, 3800.000000, 3960.000000, 0.210000
424.769303, -0.406276, 0.266664, 1193.500000, 1197.000000, 3980.000000, 4140.000000, 0.210000
459.410769, -0.439431, 0.267866, 1193.500000, 1197.000000, 4160.000000, 4320.000000, 0.210000
495.385173, -0.473862, 0.269062, 1193.500000, 1197.000000, 4340.000000, 4500.000000, 0.210000
532.688396, -0.509564, 0.270252, 1193.500000, 1197.000000, 4520.000000, 4680.000000, 0.210000
571.316101, -0.546535, 0.271438, 1193.500000, 1197.000000, 4700.000000, 4860.000000, 0.210000
611.263745, -0.584769, 0.272619, 1193.500000, 1197.000000, 4880.000000, 5040.000000, 0.210000
652.526594, -0.624264, 0.273796, 1193.500000, 1197.000000, 5060.000000, 5220.000000, 0.210000
695.099729, -0.665013, 0.274969, 1193.500000, 1197.000000, 5240.000000, 5400.000000, 0.210000
738.978063, -0.707012, 0.276137, 1193.500000, 1197.000000, 5420.000000, 5580.000000, 0.210000
784.156348, -0.750257, 0.277302, 1193.500000, 1197.000000, 5600.000000, 5760.000000, 0.210000
830.629184, -0.794743, 0.278463, 1193.500000, 1197.000000, 5780.000000, 5940.000000, 0.210000
878.391030, -0.840465, 0.279620, 1193.500000, 1197.000000, 5960.000000, 6120.000000, 0.210000
927.436213, -0.887417, 0.280774, 1193.500000, 1197.000000, 6140.000000, 6300.000000, 0.210000
977.758935, -0.935595, 0.281925, 1193.500000, 1197.000000, 6320.000000, 6480.000000, 0.210000
1026.439063, -0.982205, 0.283009, 1193.500000, 1197.000000, 6500.000000, 6640.000000, 0.210000
1073.301058, -1.027074, 0.284027, 1193.500000, 1197.000000, 6660.000000, 6800.000000, 0.210000
1121.159014, -1.072899, 0.285042, 1193.500000, 1197.000000, 6820.000000, 6960.000000, 0.210000
1170.008578, -1.119676, 0.286055, 1193.500000, 1197.000000, 6980.000000, 7120.000000, 0.210000
1219.845348, -1.167401, 0.287066, 1193.500000, 1197.000000, 7140.000000, 7280.000000, 0.210000
1270.664866, -1.216070, 0.288074, 1193.500000, 1197.000000, 7300.000000, 7440.000000, 0.210000
1322.462634, -1.265679, 0.289081, 1193.500000, 1197.000000, 7460.000000, 7600.000000, 0.210000
1375.234105, -1.316223, 0.290085, 1193.500000, 1197.000000, 7620.000000, 7760.000000, 0.210000
1428.974697, -1.367700, 0.291087, 1193.500000, 1197.000000, 7780.000000, 7920.000000, 0.210000
1483.679793, -1.420104, 0.292087, 1193.500000, 1197.000000, 7940.000000, 8080.000000, 0.210000
1539.344742, -1.473432, 0.293085, 1193.500000, 1197.000000, 8100.000000, 8240.000000, 0.210000
1595.964866, -1.527678, 0.294081, 1193.500000, 1197.000000, 8260.000000, 8400.000000, 0.210000
1653.535463, -1.582840, 0.295076, 1193.500000, 1197.000000, 8420.000000, 8560.000000, 0.210000
1712.051809, -1.638912, 0.296068, 1193.500000, 1197.000000, 8580.000000, 8720.000000, 0.210000
1771.509160, -1.695891, 0.297058, 1193.500000, 1197.000000, 8740.000000, 8880.000000, 0.210000
1831.902760, -1.753772, 0.298047, 1193.500000, 1197.000000, 8900.000000, 9040.000000, 0.210000
1893.227838, -1.812550, 0.299034, 1193.500000, 1197.000000, 9060.000000, 9200.000000, 0.210000
1955.479615, -1.872223, 0.300019, 1193.500000, 1197.000000, 9220.000000, 9360.000000, 0.210000
2018.653306, -1.932784, 0.301002, 1193.500000, 1197.000000, 9380.000000, 9520.000000, 0.210000
2082.744121, -1.994231, 0.301983, 1193.500000, 1197.000000, 9540.000000, 9680.000000, 0.210000
2147.747270, -2.056558, 0.302963, 1193.500000, 1197.000000, 9700.000000, 9840.000000, 0.210000
2213.657966, -2.119761, 0.303941, 1193.500000, 1197.000000, 9860.000000, 10000.000000, 0.210000
129.213511, -0.123094, 0.252485, 1197.500000, 1201.000000, 2000.000000, 2160.000000, 0.210000
148.386166, -0.141410, 0.253772, 1197.500000, 1201.000000, 2180.000000, 2340.000000, 0.210000
168.866179, -0.160974, 0.255041, 1197.500000, 1201.000000, 2360.000000, 2520.000000, 0.210000
190.653805, -0.181788, 0.256295, 1197.500000, 1201.000000, 2540.000000, 2700.000000, 0.210000
213.748719, -0.203849, 0.257536, 1197.500000, 1201.000000, 2720.000000, 2880.000000, 0.210000
238.150095, -0.227159, 0.258765, 1197.500000, 1201.000000, 2900.000000, 3060.000000, 0.210000
263.856667, -0.251714, 0.259984, 1197.500000, 1201.000000, 3080.000000, 3240.000000, 0.210000
290.866775, -0.277514, 0.261194, 1197.500000, 1201.000000, 3260.000000, 3420.000000, 0.210000
319.178411, -0.304557, 0.262395, 1197.500000, 1201.000000, 3440.000000, 3600.000000, 0.210000
348.789243, -0.332840, 0.263588, 1197.500000, 1201.000000, 3620.000000, 3780.000000, 0.210000
379.696644, -0.362361, 0.264774, 1197.500000, 1201.000000, 3800.000000, 3960.000000, 0.210000
411.897718, -0.393118, 0.265954, 1197.500000, 1201.000000, 3980.000000, 4140.000000, 0.210000
445.389315, -0.425107, 0.267128, 1197.500000, 1201.000000, 4160.000000, 4320.000000, 0.210000
480.168051, -0.458325, 0.268296, 1197.500000, 1201.000000, 4340.000000, 4500.000000, 0.210000
516.230319, -0.492770, 0.269459, 1197.500000, 1201.000000, 4520.000000, 4680.000000, 0.210000
553.572308, -0.528437, 0.270617, 1197.500000, 1201.000000, 4700.000000, 4860.000000, 0.210000
592.190013, -0.565323, 0.271771, 1197.500000, 1201.000000, 4880.000000, 5040.000000, 0.210000
632.079243, -0.603425, 0.272920, 1197.500000, 1201.000000, 5060.000000, 5220.000000, 0.210000
673.235636, -0.642737, 0.274065, 1197.500000, 1201.000000, 5240.000000, 5400.000000, 0.210000
715.654669, -0.683257, 0.275207, 1197.500000, 1201.000000, 5420.000000, 5580.000000, 0.210000
759.331662, -0.724979, 0.276344, 1197.500000, 1201.000000, 5600.000000, 5760.000000, 0.210000
804.261792, -0.767900, 0.277478, 1197.500000, 1201.000000, 5780.000000, 5940.000000, 0.210000
850.440101, -0.812015, 0.278609, 1197.500000, 1201.000000, 5960.000000, 6120.000000, 0.210000
897.861499, -0.857320, 0.279736, 1197.500000, 1201.000000, 6140.000000, 6300.000000, 0.210000
946.520777, -0.903809, 0.280860, 1197.500000, 1201.000000, 6320.000000, 6480.000000, 0.210000
993.594411, -0.948789, 0.281919, 1197.500000, 1201.000000, 6500.000000, 6640.000000, 0.210000
1038.912629, -0.992090, 0.282913, 1197.500000, 1201.000000, 6660.000000, 6800.000000, 0.210000
1085.196799, -1.036316, 0.283905, 1197.500000, 1201.000000, 6820.000000, 6960.000000, 0.210000
1132.442985, -1.081464, 0.284894, 1197.500000, 1201.000000, 6980.000000, 7120.000000, 0.210000
1180.647200, -1.127530, 0.285882, 1197.500000, 1201.000000, 7140.000000, 7280.000000, 0.210000
1229.805405, -1.174511, 0.286867, 1197.500000, 1201.000000, 7300.000000, 7440.000000, 0.210000
1279.913510, -1.222402, 0.287851, 1197.500000, 1201.000000, 7460.000000, 7600.000000, 0.210000
1330.967385, -1.271200, 0.288832, 1197.500000, 1201.000000, 7620.000000, 7760.000000, 0.210000
1382.962856, -1.320902, 0.289811, 1197.500000, 1201.000000, 7780.000000, 7920.000000, 0.210000
1435.895712, -1.371502, 0.290788, 1197.500000, 1201.000000, 7940.000000, 8080.000000, 0.210000
1489.761707, -1.422999, 0.291764, 1197.500000, 1201.000000, 8100.000000, 8240.000000, 0.210000
1544.556564, -1.475387, 0.292737, 1197.500000, 1201.000000, 8260.000000, 8400.000000, 0.210000
1600.275977, -1.528664, 0.293709, 1197.500000, 1201.000000, 8420.000000, 8560.000000, 0.210000
1656.915615, -1.582824, 0.294679, 1197.500000, 1201.000000, 8580.000000, 8720.000000, 0.210000
1714.471122, -1.637865, 0.295647, 1197.500000, 1201.000000, 8740.000000, 8880.000000, 0.210000
1772.938126, -1.693781, 0.296614, 1197.500000, 1201.000000, 8900.000000, 9040.000000, 0.210000
1832.312234, -1.750571, 0.297578, 1197.500000, 1201.000000, 9060.000000, 9200.000000, 0.210000
1892.589041, -1.808228, 0.298541, 1197.500000, 1201.000000, 9220.000000, 9360.000000, 0.210000
1953.764128, -1.866750, 0.299503, 1197.500000, 1201.000000, 9380.000000, 9520.000000, 0.210000
2015.833068, -1.926133, 0.300462, 1197.500000, 1201.000000, 9540.000000, 9680.000000, 0.210000
2078.791426, -1.986372, 0.301420, 1197.500000, 1201.000000, 9700.000000, 9840.000000, 0.210000
2142.634763, -2.047464, 0.302377, 1197.500000, 1201.000000, 9860.000000, 10000.000000, 0.210000
125.977998, -0.119731, 0.252098, 1201.500000, 1205.000000, 2000.000000, 2160.000000, 0.210000
144.559594, -0.137445, 0.253358, 1201.500000, 1205.000000, 2180.000000, 2340.000000, 0.210000
164.400052, -0.156360, 0.254600, 1201.500000, 1205.000000, 2360.000000, 2520.000000, 0.210000
185.499919, -0.176476, 0.255827, 1201.500000, 1205.000000, 2540.000000, 2700.000000, 0.210000
207.859182, -0.197791, 0.257041, 1201.500000, 1205.000000, 2720.000000, 2880.000000, 0.210000
231.477344, -0.220307, 0.258243, 1201.500000, 1205.000000, 2900.000000, 3060.000000, 0.210000
256.353483, -0.244021, 0.259434, 1201.500000, 1205.000000, 3080.000000, 3240.000000, 0.210000
282.486304, -0.268933, 0.260617, 1201.500000, 1205.000000, 3260.000000, 3420.000000, 0.210000
309.874175, -0.295041, 0.261791, 1201.500000, 1205.000000, 3440.000000, 3600.000000, 0.210000
338.515156, -0.322343, 0.262957, 1201.500000, 1205.000000, 3620.000000, 3780.000000, 0.210000
368.407031, -0.350837, 0.264116, 1201.500000, 1205.000000, 3800.000000, 3960.000000, 0.210000
399.547325, -0.380521, 0.265269, 1201.500000, 1205.000000, 3980.000000, 4140.000000, 0.210000
431.933323, -0.411393, 0.266416, 1201.500000, 1205.000000, 4160.000000, 4320.000000, 0.210000
465.562088, -0.443449, 0.267558, 1201.500000, 1205.000000, 4340.000000, 4500.000000, 0.210000
500.430475, -0.476686, 0.268694, 1201.500000, 1205.000000, 4520.000000, 4680.000000, 0.210000
536.535143, -0.511103, 0.269825, 1201.500000, 1205.000000, 4700.000000, 4860.000000, 0.210000
573.872566, -0.546695, 0.270953, 1201.500000, 1205.000000, 4880.000000, 5040.000000, 0.210000
612.439048, -0.583459, 0.272075, 1201.500000, 1205.000000, 5060.000000, 5220.000000, 0.210000
652.230724, -0.621392, 0.273194, 1201.500000, 1205.000000, 5240.000000, 5400.000000, 0.210000
693.243577, -0.660490, 0.274309, 1201.500000, 1205.000000, 5420.000000, 5580.000000, 0.210000
735.473445, -0.700749, 0.275420, 1201.500000, 1205.000000, 5600.000000, 5760.000000, 0.210000
778.916024, -0.742166, 0.276528, 1201.500000, 1205.000000, 5780.000000, 5940.000000, 0.210000
823.566882, -0.784736, 0.277633, 1201.500000, 1205.000000, 5960.000000, 6120.000000, 0.210000
869.421461, -0.828456, 0.278734, 1201.500000, 1205.000000, 6140.000000, 6300.000000, 0.210000
916.475088, -0.873321, 0.279832, 1201.500000, 1205.000000, 6320.000000, 6480.000000, 0.210000
961.997510, -0.916731, 0.280867, 1201.500000, 1205.000000, 6500.000000, 6640.000000, 0.210000
1005.824580, -0.958523, 0.281838, 1201.500000, 1205.000000, 6660.000000, 6800.000000, 0.210000
1050.588127, -1.001210, 0.282807, 1201.500000, 1205.000000, 6820.000000, 6960.000000, 0.210000
1096.284601, -1.044789, 0.283774, 1201.500000, 1205.000000, 6980.000000, 7120.000000, 0.210000
1142.910393, -1.089256, 0.284739, 1201.500000, 1205.000000, 7140.000000, 7280.000000, 0.210000
1190.461846, -1.134609, 0.285702, 1201.500000, 1205.000000, 7300.000000, 7440.000000, 0.210000
1238.935253, -1.180844, 0.286663, 1201.500000, 1205.000000, 7460.000000, 7600.000000, 0.210000
1288.326862, -1.227957, 0.287622, 1201.500000, 1205.000000, 7620.000000, 7760.000000, 0.210000
1338.632880, -1.275946, 0.288579, 1201.500000, 1205.000000, 7780.000000, 7920.000000, 0.210000
1389.849471, -1.324807, 0.289534, 1201.500000, 1205.000000, 7940.000000, 8080.000000, 0.210000
1441.972766, -1.374536, 0.290488, 1201.500000, 1205.000000, 8100.000000, 8240.000000, 0.210000
1494.998859, -1.425130, 0.291439, 1201.500000, 1205.000000, 8260.000000, 8400.000000, 0.210000
1548.923816, -1.476585, 0.292389, 1201.500000, 1205.000000, 8420.000000, 8560.000000, 0.210000
1603.743672, -1.528899, 0.293337, 1201.500000, 1205.000000, 8580.000000, 8720.000000, 0.210000
1659.454435, -1.582066, 0.294284, 1201.500000, 1205.000000, 8740.000000, 8880.000000, 0.210000
1716.052093, -1.636084, 0.295229, 1201.500000, 1205.000000, 8900.000000, 9040.000000, 0.210000
1773.532610, -1.690950, 0.296172, 1201.500000, 1205.000000, 9060.000000, 9200.000000, 0.210000
1831.891933, -1.746659, 0.297114, 1201.500000, 1205.000000, 9220.000000, 9360.000000, 0.210000
1891.125990, -1.803208, 0.298054, 1201.500000, 1205.000000, 9380.000000, 9520.000000, 0.210000
1951.230698, -1.860593, 0.298992, 1201.500000, 1205.000000, 9540.000000, 9680.000000, 0.210000
2012.201961, -1.918811, 0.299929, 1201.500000, 1205.000000, 9700.000000, 9840.000000, 0.210000
2074.035672, -1.977857, 0.300865, 1201.500000, 1205.000000, 9860.000000, 10000.000000, 0.210000
122.878741, -0.116513, 0.251724, 1205.500000, 1209.000000, 2000.000000, 2160.000000, 0.210000
140.893453, -0.133653, 0.252958, 1205.500000, 1209.000000, 2180.000000, 2340.000000, 0.210000
160.120391, -0.151946, 0.254174, 1205.500000, 1209.000000, 2360.000000, 2520.000000, 0.210000
180.560366, -0.171393, 0.255374, 1205.500000, 1209.000000, 2540.000000, 2700.000000, 0.210000
202.213641, -0.191995, 0.256562, 1205.500000, 1209.000000, 2720.000000, 2880.000000, 0.210000
225.080009, -0.213751, 0.257738, 1205.500000, 1209.000000, 2900.000000, 3060.000000, 0.210000
249.158858, -0.236659, 0.258903, 1205.500000, 1209.000000, 3080.000000, 3240.000000, 0.210000
274.449213, -0.260721, 0.260059, 1205.500000, 1209.000000, 3260.000000, 3420.000000, 0.210000
300.949778, -0.285933, 0.261207, 1205.500000, 1209.000000, 3440.000000, 3600.000000, 0.210000
328.658966, -0.312295, 0.262348, 1205.500000, 1209.000000, 3620.000000, 3780.000000, 0.210000
357.574922, -0.339805, 0.263481, 1205.500000, 1209.000000, 3800.000000, 3960.000000, 0.210000
387.695547, -0.368461, 0.264608, 1205.500000, 1209.000000, 3980.000000, 4140.000000, 0.210000
419.018517, -0.398260, 0.265729, 1205.500000, 1209.000000, 4160.000000, 4320.000000, 0.210000
451.541293, -0.429201, 0.266845, 1205.500000, 1209.000000, 4340.000000, 4500.000000, 0.210000
485.261142, -0.461281, 0.267955, 1205.500000, 1209.000000, 4520.000000, 4680.000000, 0.210000
520.175146, -0.494498, 0.269061, 1205.500000, 1209.000000, 4700.000000, 4860.000000, 0.210000
556.280209, -0.528848, 0.270163, 1205.500000, 1209.000000, 4880.000000, 5040.000000, 0.210000
593.573075, -0.564328, 0.271260, 1205.500000, 1209.000000, 5060.000000, 5220.000000, 0.210000
632.050329, -0.600936, 0.272353, 1205.500000, 1209.000000, 5240.000000, 5400.000000, 0.210000
671.708412, -0.638669, 0.273443, 1205.500000, 1209.000000, 5420.000000, 5580.000000, 0.210000
712.543623, -0.677522, 0.274529, 1205.500000, 1209.000000, 5600.000000, 5760.000000, 0.210000
754.552131, -0.717493, 0.275611, 1205.500000, 1209.000000, 5780.000000, 5940.000000, 0.210000
797.729978, -0.758578, 0.276691, 1205.500000, 1209.000000, 5960.000000, 6120.000000, 0.210000
842.073089, -0.800774, 0.277767, 1205.500000, 1209.000000, 6140.000000, 6300.000000, 0.210000
887.577276, -0.844076, 0.278840, 1205.500000, 1209.000000, 6320.000000, 6480.000000, 0.210000
931.602312, -0.885975, 0.279851, 1205.500000, 1209.000000, 6500.000000, 6640.000000, 0.210000
973.989526, -0.926315, 0.280800, 1205.500000, 1209.000000, 6660.000000, 6800.000000, 0.210000
1017.284316, -0.967520, 0.281748, 1205.500000, 1209.000000, 6820.000000, 6960.000000, 0.210000
1061.483479, -1.009588, 0.282693, 1205.500000, 1209.000000, 6980.000000, 7120.000000, 0.210000
1106.583757, -1.052516, 0.283636, 1205.500000, 1209.000000, 7140.000000, 7280.000000, 0.210000
1152.581841, -1.096300, 0.284577, 1205.500000, 1209.000000, 7300.000000, 7440.000000, 0.210000
1199.474375, -1.140939, 0.285516, 1205.500000, 1209.000000, 7460.000000, 7600.000000, 0.210000
1247.257957, -1.186428, 0.286454, 1205.500000, 1209.000000, 7620.000000, 7760.000000, 0.210000
1295.929142, -1.232766, 0.287389, 1205.500000, 1209.000000, 7780.000000, 7920.000000, 0.210000
1345.484443, -1.279948, 0.288323, 1205.500000, 1209.000000, 7940.000000, 8080.000000, 0.210000
1395.920337, -1.327971, 0.289255, 1205.500000, 1209.000000, 8100.000000, 8240.000000, 0.210000
1447.233266, -1.376833, 0.290186, 1205.500000, 1209.000000, 8260.000000, 8400.000000, 0.210000
1499.419638, -1.426531, 0.291114, 1205.500000, 1209.000000, 8420.000000, 8560.000000, 0.210000
1552.475829, -1.477060, 0.292041, 1205.500000, 1209.000000, 8580.000000, 8720.000000, 0.210000
1606.398189, -1.528418, 0.292967, 1205.500000, 1209.000000, 8740.000000, 8880.000000, 0.210000
1661.183040, -1.580602, 0.293891, 1205.500000, 1209.000000, 8900.000000, 9040.000000, 0.210000
1716.826682, -1.633608, 0.294813, 1205.500000, 1209.000000, 9060.000000, 9200.000000, 0.210000
1773.325391, -1.687433, 0.295734, 1205.500000, 1209.000000, 9220.000000, 9360.000000, 0.210000
1830.675424, -1.742073, 0.296654, 1205.500000, 1209.000000, 9380.000000, 9520.000000, 0.210000
1888.873022, -1.797526, 0.297572, 1205.500000, 1209.000000, 9540.000000, 9680.000000, 0.210000
1947.914408, -1.853788, 0.298488, 1205.500000, 1209.000000, 9700.000000, 9840.000000, 0.210000
2007.795791, -1.910856, 0.299403, 1205.500000, 1209.000000, 9860.000000, 10000.000000, 0.210000
119.909414, -0.113435, 0.251362, 1209.500000, 1213.000000, 2000.000000, 2160.000000, 0.210000
137.380323, -0.130024, 0.252570, 1209.500000, 1213.000000, 2180.000000, 2340.000000, 0.210000
156.018615, -0.147722, 0.253761, 1209.500000, 1213.000000, 2360.000000, 2520.000000, 0.210000
175.825332, -0.166529, 0.254937, 1209.500000, 1213.000000, 2540.000000, 2700.000000, 0.210000
196.800983, -0.186447, 0.256099, 1209.500000, 1213.000000, 2720.000000, 2880.000000, 0.210000
218.945620, -0.207475, 0.257250, 1209.500000, 1213.000000, 2900.000000, 3060.000000, 0.210000
242.258905, -0.229613, 0.258390, 1209.500000, 1213.000000, 3080.000000, 3240.000000, 0.210000
266.740149, -0.252859, 0.259521, 1209.500000, 1213.000000, 3260.000000, 3420.000000, 0.210000
292.388356, -0.277214, 0.260644, 1209.500000, 1213.000000, 3440.000000, 3600.000000, 0.210000
319.202249, -0.302675, 0.261759, 1209.500000, 1213.000000, 3620.000000, 3780.000000, 0.210000
347.180298, -0.329241, 0.262868, 1209.500000, 1213.000000, 3800.000000, 3960.000000, 0.210000
376.320741, -0.356911, 0.263970, 1209.500000, 1213.000000, 3980.000000, 4140.000000, 0.210000
406.621597, -0.385683, 0.265066, 1209.500000, 1213.000000, 4160.000000, 4320.000000, 0.210000
438.080689, -0.415555, 0.266157, 1209.500000, 1213.000000, 4340.000000, 4500.000000, 0.210000
470.695649, -0.446524, 0.267242, 1209.500000, 1213.000000, 4520.000000, 4680.000000, 0.210000
504.463937, -0.478589, 0.268324, 1209.500000, 1213.000000, 4700.000000, 4860.000000, 0.210000
539.382845, -0.511747, 0.269400, 1209.500000, 1213.000000, 4880.000000, 5040.000000, 0.210000
575.449510, -0.545995, 0.270473, 1209.500000, 1213.000000, 5060.000000, 5220.000000, 0.210000
612.660922, -0.581331, 0.271542, 1209.500000, 1213.000000, 5240.000000, 5400.000000, 0.210000
651.013932, -0.617752, 0.272607, 1209.500000, 1213.000000, 5420.000000, 5580.000000, 0.210000
690.505257, -0.655255, 0.273668, 1209.500000, 1213.000000, 5600.000000, 5760.000000, 0.210000
731.131491, -0.693837, 0.274726, 1209.500000, 1213.000000, 5780.000000, 5940.000000, 0.210000
772.889105, -0.733495, 0.275781, 1209.500000, 1213.000000, 5960.000000, 6120.000000, 0.210000
815.774458, -0.774225, 0.276834, 1209.500000, 1213.000000, 6140.000000, 6300.000000, 0.210000
859.783804, -0.816024, 0.277883, 1209.500000, 1213.000000, 6320.000000, 6480.000000, 0.210000
902.363785, -0.856470, 0.278871, 1209.500000, 1213.000000, 6500.000000, 6640.000000, 0.210000
943.361058, -0.895412, 0.279799, 1209.500000, 1213.000000, 6660.000000, 6800.000000, 0.210000
985.237608, -0.935191, 0.280725, 1209.500000, 1213.000000, 6820.000000, 6960.000000, 0.210000
1027.990547, -0.975804, 0.281649, 1209.500000, 1213.000000, 6980.000000, 7120.000000, 0.210000
1071.616937, -1.017249, 0.282571, 1209.500000, 1213.000000, 7140.000000, 7280.000000, 0.210000
1116.113790, -1.059523, 0.283491, 1209.500000, 1213.000000, 7300.000000, 7440.000000, 0.210000
1161.478068, -1.102623, 0.284409, 1209.500000, 1213.000000, 7460.000000, 7600.000000, 0.210000
1207.706692, -1.146547, 0.285326, 1209.500000, 1213.000000, 7620.000000, 7760.000000, 0.210000
1254.796535, -1.191292, 0.286240, 1209.500000, 1213.000000, 7780.000000, 7920.000000, 0.210000
1302.744433, -1.236856, 0.287153, 1209.500000, 1213.000000, 7940.000000, 8080.000000, 0.210000
1351.547184, -1.283234, 0.288065, 1209.500000, 1213.000000, 8100.000000, 8240.000000, 0.210000
1401.201546, -1.330425, 0.288975, 1209.500000, 1213.000000, 8260.000000, 8400.000000, 0.210000
1451.704247, -1.378426, 0.289883, 1209.500000, 1213.000000, 8420.000000, 8560.000000, 0.210000
1503.051980, -1.427233, 0.290790, 1209.500000, 1213.000000, 8580.000000, 8720.000000, 0.210000
1555.241410, -1.476845, 0.291695, 1209.500000, 1213.000000, 8740.000000, 8880.000000, 0.210000
1608.269174, -1.527256, 0.292598, 1209.500000, 1213.000000, 8900.000000, 9040.000000, 0.210000
1662.131881, -1.578466, 0.293501, 1209.500000, 1213.000000, 9060.000000, 9200.000000, 0.210000
1716.826119, -1.630470, 0.294401, 1209.500000, 1213.000000, 9220.000000, 9360.000000, 0.210000
1772.348450, -1.683266, 0.295301, 1209.500000, 1213.000000, 9380.000000, 9520.000000, 0.210000
1828.695418, -1.736851, 0.296199, 1209.500000, 1213.000000, 9540.000000, 9680.000000, 0.210000
1885.863549, -1.791222, 0.297095, 1209.500000, 1213.000000, 9700.000000, 9840.000000, 0.210000
1943.849351, -1.846375, 0.297991, 1209.500000, 1213.000000, 9860.000000, 10000.000000, 0.210000
117.064007, -0.110488, 0.251011, 1213.500000, 1217.000000, 2000.000000, 2160.000000, 0.210000
134.013158, -0.126550, 0.252195, 1213.500000, 1217.000000, 2180.000000, 2340.000000, 0.210000
152.086566, -0.143678, 0.253362, 1213.500000, 1217.000000, 2360.000000, 2520.000000, 0.210000
171.285481, -0.161874, 0.254514, 1213.500000, 1217.000000, 2540.000000, 2700.000000, 0.210000
191.610629, -0.181137, 0.255652, 1213.500000, 1217.000000, 2720.000000, 2880.000000, 0.210000
213.062296, -0.201468, 0.256778, 1213.500000, 1217.000000, 2900.000000, 3060.000000, 0.210000
235.640384, -0.222866, 0.257894, 1213.500000, 1217.000000, 3080.000000, 3240.000000, 0.210000
259.344461, -0.245332, 0.259001, 1213.500000, 1217.000000, 3260.000000, 3420.000000, 0.210000
284.173795, -0.268864, 0.260100, 1213.500000, 1217.000000, 3440.000000, 3600.000000, 0.210000
310.127389, -0.293462, 0.261191, 1213.500000, 1217.000000, 3620.000000, 3780.000000, 0.210000
337.204002, -0.319124, 0.262275, 1213.500000, 1217.000000, 3800.000000, 3960.000000, 0.210000
365.402168, -0.345849, 0.263353, 1213.500000, 1217.000000, 3980.000000, 4140.000000, 0.210000
394.720219, -0.373636, 0.264426, 1213.500000, 1217.000000, 4160.000000, 4320.000000, 0.210000
425.156296, -0.402482, 0.265492, 1213.500000, 1217.000000, 4340.000000, 4500.000000, 0.210000
456.708360, -0.432386, 0.266554, 1213.500000, 1217.000000, 4520.000000, 4680.000000, 0.210000
489.374208, -0.463346, 0.267611, 1213.500000, 1217.000000, 4700.000000, 4860.000000, 0.210000
523.151478, -0.495360, 0.268664, 1213.500000, 1217.000000, 4880.000000, 5040.000000, 0.210000
558.037664, -0.528425, 0.269713, 1213.500000, 1217.000000, 5060.000000, 5220.000000, 0.210000
594.030116, -0.562540, 0.270758, 1213.500000, 1217.000000, 5240.000000, 5400.000000, 0.210000
631.126054, -0.597701, 0.271800, 1213.500000, 1217.000000, 5420.000000, 5580.000000, 0.210000
669.322572, -0.633907, 0.272838, 1213.500000, 1217.000000, 5600.000000, 5760.000000, 0.210000
708.616644, -0.671153, 0.273872, 1213.500000, 1217.000000, 5780.000000, 5940.000000, 0.210000
749.005132, -0.709439, 0.274904, 1213.500000, 1217.000000, 5960.000000, 6120.000000, 0.210000
790.484787, -0.748760, 0.275932, 1213.500000, 1217.000000, 6140.000000, 6300.000000, 0.210000
833.052258, -0.789114, 0.276958, 1213.500000, 1217.000000, 6320.000000, 6480.000000, 0.210000
874.237997, -0.828163, 0.277925, 1213.500000, 1217.000000, 6500.000000, 6640.000000, 0.210000
913.893838, -0.865760, 0.278832, 1213.500000, 1217.000000, 6660.000000, 6800.000000, 0.210000
954.401280, -0.904166, 0.279737, 1213.500000, 1217.000000, 6820.000000, 6960.000000, 0.210000
995.757725, -0.943379, 0.280641, 1213.500000, 1217.000000, 6980.000000, 7120.000000, 0.210000
1037.960526, -0.983396, 0.281542, 1213.500000, 1217.000000, 7140.000000, 7280.000000, 0.210000
1081.006985, -1.024215, 0.282442, 1213.500000, 1217.000000, 7300.000000, 7440.000000, 0.210000
1124.894359, -1.065834, 0.283340, 1213.500000, 1217.000000, 7460.000000, 7600.000000, 0.210000
1169.619860, -1.108250, 0.284236, 1213.500000, 1217.000000, 7620.000000, 7760.000000, 0.210000
1215.180657, -1.151461, 0.285131, 1213.500000, 1217.000000, 7780.000000, 7920.000000, 0.210000
1261.573880, -1.195464, 0.286024, 1213.500000, 1217.000000, 7940.000000, 8080.000000, 0.210000
1308.796619, -1.240256, 0.286915, 1213.500000, 1217.000000, 8100.000000, 8240.000000, 0.210000
1356.845930, -1.285836, 0.287805, 1213.500000, 1217.000000, 8260.000000, 8400.000000, 0.210000
1405.718831, -1.332200, 0.288693, 1213.500000, 1217.000000, 8420.000000, 8560.000000, 0.210000
1455.412310, -1.379346, 0.289580, 1213.500000, 1217.000000, 8580.000000, 8720.000000, 0.210000
1505.923324, -1.427270, 0.290466, 1213.500000, 1217.000000, 8740.000000, 8880.000000, 0.210000
1557.248799, -1.475972, 0.291350, 1213.500000, 1217.000000, 8900.000000, 9040.000000, 0.210000
1609.385635, -1.525446, 0.292232, 1213.500000, 1217.000000, 9060.000000, 9200.000000, 0.210000
1662.330707, -1.575692, 0.293114, 1213.500000, 1217.000000, 9220.000000, 9360.000000, 0.210000
1716.080864, -1.626706, 0.293993, 1213.500000, 1217.000000, 9380.000000, 9520.000000, 0.210000
1770.632935, -1.678486, 0.294872, 1213.500000, 1217.000000, 9540.000000, 9680.000000, 0.210000
1825.983727, -1.731028, 0.295749, 1213.500000, 1217.000000, 9700.000000, 9840.000000, 0.210000
1882.130027, -1.784330, 0.296625, 1213.500000, 1217.000000, 9860.000000, 10000.000000, 0.210000
114.336811, -0.107668, 0.250671, 1217.500000, 1221.000000, 2000.000000, 2160.000000, 0.210000
130.785256, -0.123225, 0.251833, 1217.500000, 1221.000000, 2180.000000, 2340.000000, 0.210000
148.316484, -0.139807, 0.252976, 1217.500000, 1221.000000, 2360.000000, 2520.000000, 0.210000
166.931927, -0.157416, 0.254104, 1217.500000, 1221.000000, 2540.000000, 2700.000000, 0.210000
186.632508, -0.176052, 0.255219, 1217.500000, 1221.000000, 2720.000000, 2880.000000, 0.210000
207.418716, -0.195715, 0.256322, 1217.500000, 1221.000000, 2900.000000, 3060.000000, 0.210000
229.290672, -0.216406, 0.257415, 1217.500000, 1221.000000, 3080.000000, 3240.000000, 0.210000
252.248168, -0.238123, 0.258499, 1217.500000, 1221.000000, 3260.000000, 3420.000000, 0.210000
276.290713, -0.260868, 0.259574, 1217.500000, 1221.000000, 3440.000000, 3600.000000, 0.210000
301.417554, -0.284638, 0.260642, 1217.500000, 1221.000000, 3620.000000, 3780.000000, 0.210000
327.627708, -0.309433, 0.261703, 1217.500000, 1221.000000, 3800.000000, 3960.000000, 0.210000
354.919979, -0.335252, 0.262758, 1217.500000, 1221.000000, 3980.000000, 4140.000000, 0.210000
383.292972, -0.362093, 0.263807, 1217.500000, 1221.000000, 4160.000000, 4320.000000, 0.210000
412.745113, -0.389956, 0.264851, 1217.500000, 1221.000000, 4340.000000, 4500.000000, 0.210000
443.274659, -0.418838, 0.265890, 1217.500000, 1221.000000, 4520.000000, 4680.000000, 0.210000
474.879707, -0.448738, 0.266924, 1217.500000, 1221.000000, 4700.000000, 4860.000000, 0.210000
507.558208, -0.479654, 0.267954, 1217.500000, 1221.000000, 4880.000000, 5040.000000, 0.210000
541.307971, -0.511584, 0.268980, 1217.500000, 1221.000000, 5060.000000, 5220.000000, 0.210000
576.126672, -0.544526, 0.270002, 1217.500000, 1221.000000, 5240.000000, 5400.000000, 0.210000
612.011863, -0.578477, 0.271020, 1217.500000, 1221.000000, 5420.000000, 5580.000000, 0.210000
648.960975, -0.613436, 0.272035, 1217.500000, 1221.000000, 5600.000000, 5760.000000, 0.210000
686.971326, -0.649401, 0.273047, 1217.500000, 1221.000000, 5780.000000, 5940.000000, 0.210000
726.040128, -0.686368, 0.274056, 1217.500000, 1221.000000, 5960.000000, 6120.000000, 0.210000
766.164486, -0.724335, 0.275062, 1217.500000, 1221.000000, 6140.000000, 6300.000000, 0.210000
807.341409, -0.763300, 0.276066, 1217.500000, 1221.000000, 6320.000000, 6480.000000, 0.210000
847.182183, -0.801004, 0.277011, 1217.500000, 1221.000000, 6500.000000, 6640.000000, 0.210000
885.543673, -0.837308, 0.277898, 1217.500000, 1221.000000, 6660.000000, 6800.000000, 0.210000
924.729733, -0.874393, 0.278784, 1217.500000, 1221.000000, 6820.000000, 6960.000000, 0.210000
964.738027, -0.912258, 0.279667, 1217.500000, 1221.000000, 6980.000000, 7120.000000, 0.210000
1005.566173, -0.950901, 0.280549, 1217.500000, 1221.000000, 7140.000000, 7280.000000, 0.210000
1047.211738, -0.990320, 0.281429, 1217.500000, 1221.000000, 7300.000000, 7440.000000, 0.210000
1089.672247, -1.030512, 0.282308, 1217.500000, 1221.000000, 7460.000000, 7600.000000, 0.210000
1132.945178, -1.071475, 0.283184, 1217.500000, 1221.000000, 7620.000000, 7760.000000, 0.210000
1177.027970, -1.113208, 0.284059, 1217.500000, 1221.000000, 7780.000000, 7920.000000, 0.210000
1221.918023, -1.155707, 0.284933, 1217.500000, 1221.000000, 7940.000000, 8080.000000, 0.210000
1267.612696, -1.198970, 0.285805, 1217.500000, 1221.000000, 8100.000000, 8240.000000, 0.210000
1314.109314, -1.242996, 0.286676, 1217.500000, 1221.000000, 8260.000000, 8400.000000, 0.210000
1361.405168, -1.287782, 0.287545, 1217.500000, 1221.000000, 8420.000000, 8560.000000, 0.210000
1409.497514, -1.333324, 0.288412, 1217.500000, 1221.000000, 8580.000000, 8720.000000, 0.210000
1458.383579, -1.379622, 0.289278, 1217.500000, 1221.000000, 8740.000000, 8880.000000, 0.210000
1508.060557, -1.426672, 0.290143, 1217.500000, 1221.000000, 8900.000000, 9040.000000, 0.210000
1558.525617, -1.474473, 0.291007, 1217.500000, 1221.000000, 9060.000000, 9200.000000, 0.210000
1609.775901, -1.523020, 0.291869, 1217.500000, 1221.000000, 9220.000000, 9360.000000, 0.210000
1661.808524, -1.572313, 0.292730, 1217.500000, 1221.000000, 9380.000000, 9520.000000, 0.210000
1714.620579, -1.622349, 0.293590, 1217.500000, 1221.000000, 9540.000000, 9680.000000, 0.210000
1768.209136, -1.673124, 0.294449, 1217.500000, 1221.000000, 9700.000000, 9840.000000, 0.210000
1822.571244, -1.724637, 0.295306, 1217.500000, 1221.000000, 9860.000000, 10000.000000, 0.210000
111.722405, -0.104966, 0.250342, 1221.500000, 1225.000000, 2000.000000, 2160.000000, 0.210000
127.690254, -0.120040, 0.251481, 1221.500000, 1225.000000, 2180.000000, 2340.000000, 0.210000
144.700993, -0.136100, 0.252602, 1221.500000, 1225.000000, 2360.000000, 2520.000000, 0.210000
162.756220, -0.153147, 0.253708, 1221.500000, 1225.000000, 2540.000000, 2700.000000, 0.210000
181.857031, -0.171182, 0.254800, 1221.500000, 1225.000000, 2720.000000, 2880.000000, 0.210000
202.004099, -0.190205, 0.255881, 1221.500000, 1225.000000, 2900.000000, 3060.000000, 0.210000
223.197736, -0.210217, 0.256952, 1221.500000, 1225.000000, 3080.000000, 3240.000000, 0.210000
245.437938, -0.231218, 0.258013, 1221.500000, 1225.000000, 3260.000000, 3420.000000, 0.210000
268.724424, -0.253207, 0.259066, 1221.500000, 1225.000000, 3440.000000, 3600.000000, 0.210000
293.056663, -0.276184, 0.260112, 1221.500000, 1225.000000, 3620.000000, 3780.000000, 0.210000
318.433901, -0.300148, 0.261150, 1221.500000, 1225.000000, 3800.000000, 3960.000000, 0.210000
344.855179, -0.325098, 0.262183, 1221.500000, 1225.000000, 3980.000000, 4140.000000, 0.210000
372.319349, -0.351033, 0.263210, 1221.500000, 1225.000000, 4160.000000, 4320.000000, 0.210000
400.825093, -0.377952, 0.264231, 1221.500000, 1225.000000, 4340.000000, 4500.000000, 0.210000
430.370930, -0.405854, 0.265248, 1221.500000, 1225.000000, 4520.000000, 4680.000000, 0.210000
460.955228, -0.434736, 0.266260, 1221.500000, 1225.000000, 4700.000000, 4860.000000, 0.210000
492.576213, -0.464598, 0.267267, 1221.500000, 1225.000000, 4880.000000, 5040.000000, 0.210000
525.231981, -0.495438, 0.268271, 1221.500000, 1225.000000, 5060.000000, 5220.000000, 0.210000
558.920499, -0.527254, 0.269271, 1221.500000, 1225.000000, 5240.000000, 5400.000000, 0.210000
593.639616, -0.560044, 0.270268, 1221.500000, 1225.000000, 5420.000000, 5580.000000, 0.210000
629.387067, -0.593806, 0.271261, 1221.500000, 1225.000000, 5600.000000, 5760.000000, 0.210000
666.160479, -0.628539, 0.272251, 1221.500000, 1225.000000, 5780.000000, 5940.000000, 0.210000
703.957379, -0.664239, 0.273238, 1221.500000, 1225.000000, 5960.000000, 6120.000000, 0.210000
742.775192, -0.700904, 0.274222, 1221.500000, 1225.000000, 6140.000000, 6300.000000, 0.210000
782.611251, -0.738533, 0.275204, 1221.500000, 1225.000000, 6320.000000, 6480.000000, 0.210000
821.154799, -0.774945, 0.276129, 1221.500000, 1225.000000, 6500.000000, 6640.000000, 0.210000
858.267582, -0.810005, 0.276997, 1221.500000, 1225.000000, 6660.000000, 6800.000000, 0.210000
896.178562, -0.845819, 0.277863, 1221.500000, 1225.000000, 6820.000000, 6960.000000, 0.210000
934.885643, -0.882388, 0.278728, 1221.500000, 1225.000000, 6980.000000, 7120.000000, 0.210000
974.386679, -0.919708, 0.279590, 1221.500000, 1225.000000, 7140.000000, 7280.000000, 0.210000
1014.679482, -0.957779, 0.280451, 1221.500000, 1225.000000, 7300.000000, 7440.000000, 0.210000
1055.761816, -0.996597, 0.281311, 1221.500000, 1225.000000, 7460.000000, 7600.000000, 0.210000
1097.631407, -1.036161, 0.282168, 1221.500000, 1225.000000, 7620.000000, 7760.000000, 0.210000
1140.285939, -1.076470, 0.283025, 1221.500000, 1225.000000, 7780.000000, 7920.000000, 0.210000
1183.723055, -1.117520, 0.283879, 1221.500000, 1225.000000, 7940.000000, 8080.000000, 0.210000
1227.940364, -1.159310, 0.284733, 1221.500000, 1225.000000, 8100.000000, 8240.000000, 0.210000
1272.935438, -1.201838, 0.285584, 1221.500000, 1225.000000, 8260.000000, 8400.000000, 0.210000
1318.705814, -1.245102, 0.286435, 1221.500000, 1225.000000, 8420.000000, 8560.000000, 0.210000
1365.248998, -1.289099, 0.287284, 1221.500000, 1225.000000, 8580.000000, 8720.000000, 0.210000
1412.562463, -1.333827, 0.288131, 1221.500000, 1225.000000, 8740.000000, 8880.000000, 0.210000
1460.643653, -1.379285, 0.288978, 1221.500000, 1225.000000, 8900.000000, 9040.000000, 0.210000
1509.489984, -1.425469, 0.289823, 1221.500000, 1225.000000, 9060.000000, 9200.000000, 0.210000
1559.098843, -1.472378, 0.290667, 1221.500000, 1225.000000, 9220.000000, 9360.000000, 0.210000
1609.467594, -1.520009, 0.291510, 1221.500000, 1225.000000, 9380.000000, 9520.000000, 0.210000
1660.593573, -1.568361, 0.292351, 1221.500000, 1225.000000, 9540.000000, 9680.000000, 0.210000
1712.474096, -1.617429, 0.293192, 1221.500000, 1225.000000, 9700.000000, 9840.000000, 0.210000
1765.106455, -1.667214, 0.294031, 1221.500000, 1225.000000, 9860.000000, 10000.000000, 0.210000
109.215637, -0.102379, 0.250023, 1225.500000, 1229.000000, 2000.000000, 2160.000000, 0.210000
124.722098, -0.116989, 0.251141, 1225.500000, 1229.000000, 2180.000000, 2340.000000, 0.210000
141.233078, -0.132548, 0.252240, 1225.500000, 1229.000000, 2360.000000, 2520.000000, 0.210000
158.750319, -0.149057, 0.253324, 1225.500000, 1229.000000, 2540.000000, 2700.000000, 0.210000
177.275073, -0.166516, 0.254395, 1225.500000, 1229.000000, 2720.000000, 2880.000000, 0.210000
196.808176, -0.184927, 0.255455, 1225.500000, 1229.000000, 2900.000000, 3060.000000, 0.210000
217.350112, -0.204289, 0.256504, 1225.500000, 1229.000000, 3080.000000, 3240.000000, 0.210000
238.901058, -0.224602, 0.257543, 1225.500000, 1229.000000, 3260.000000, 3420.000000, 0.210000
261.460919, -0.245868, 0.258575, 1225.500000, 1229.000000, 3440.000000, 3600.000000, 0.210000
285.029364, -0.268084, 0.259599, 1225.500000, 1229.000000, 3620.000000, 3780.000000, 0.210000
309.605842, -0.291251, 0.260616, 1225.500000, 1229.000000, 3800.000000, 3960.000000, 0.210000
335.189605, -0.315367, 0.261627, 1225.500000, 1229.000000, 3980.000000, 4140.000000, 0.210000
361.779729, -0.340433, 0.262632, 1225.500000, 1229.000000, 4160.000000, 4320.000000, 0.210000
389.375121, -0.366447, 0.263632, 1225.500000, 1229.000000, 4340.000000, 4500.000000, 0.210000
417.974535, -0.393408, 0.264627, 1225.500000, 1229.000000, 4520.000000, 4680.000000, 0.210000
447.576580, -0.421314, 0.265618, 1225.500000, 1229.000000, 4700.000000, 4860.000000, 0.210000
478.179733, -0.450165, 0.266604, 1225.500000, 1229.000000, 4880.000000, 5040.000000, 0.210000
509.782342, -0.479958, 0.267587, 1225.500000, 1229.000000, 5060.000000, 5220.000000, 0.210000
542.382637, -0.510693, 0.268566, 1225.500000, 1229.000000, 5240.000000, 5400.000000, 0.210000
575.978734, -0.542367, 0.269541, 1225.500000, 1229.000000, 5420.000000, 5580.000000, 0.210000
610.568640, -0.574980, 0.270513, 1225.500000, 1229.000000, 5600.000000, 5760.000000, 0.210000
646.150261, -0.608528, 0.271482, 1225.500000, 1229.000000, 5780.000000, 5940.000000, 0.210000
682.721405, -0.643011, 0.272448, 1225.500000, 1229.000000, 5960.000000, 6120.000000, 0.210000
720.279788, -0.678425, 0.273411, 1225.500000, 1229.000000, 6140.000000, 6300.000000, 0.210000
758.823033, -0.714770, 0.274372, 1225.500000, 1229.000000, 6320.000000, 6480.000000, 0.210000
796.115556, -0.749940, 0.275276, 1225.500000, 1229.000000, 6500.000000, 6640.000000, 0.210000
832.023839, -0.783802, 0.276126, 1225.500000, 1229.000000, 6660.000000, 6800.000000, 0.210000
868.704613, -0.818395, 0.276974, 1225.500000, 1229.000000, 6820.000000, 6960.000000, 0.210000
906.155998, -0.853716, 0.277820, 1225.500000, 1229.000000, 6980.000000, 7120.000000, 0.210000
944.376067, -0.889764, 0.278664, 1225.500000, 1229.000000, 7140.000000, 7280.000000, 0.210000
983.362849, -0.926537, 0.279507, 1225.500000, 1229.000000, 7300.000000, 7440.000000, 0.210000
1023.114332, -0.964033, 0.280348, 1225.500000, 1229.000000, 7460.000000, 7600.000000, 0.210000
1063.628460, -1.002250, 0.281187, 1225.500000, 1229.000000, 7620.000000, 7760.000000, 0.210000
1104.903142, -1.041187, 0.282025, 1225.500000, 1229.000000, 7780.000000, 7920.000000, 0.210000
1146.936247, -1.080842, 0.282861, 1225.500000, 1229.000000, 7940.000000, 8080.000000, 0.210000
1189.725608, -1.121213, 0.283697, 1225.500000, 1229.000000, 8100.000000, 8240.000000, 0.210000
1233.269023, -1.162297, 0.284530, 1225.500000, 1229.000000, 8260.000000, 8400.000000, 0.210000
1277.564257, -1.204094, 0.285363, 1225.500000, 1229.000000, 8420.000000, 8560.000000, 0.210000
1322.609043, -1.246601, 0.286194, 1225.500000, 1229.000000, 8580.000000, 8720.000000, 0.210000
1368.401081, -1.289816, 0.287023, 1225.500000, 1229.000000, 8740.000000, 8880.000000, 0.210000
1414.938044, -1.333737, 0.287852, 1225.500000, 1229.000000, 8900.000000, 9040.000000, 0.210000
1462.217574, -1.378363, 0.288679, 1225.500000, 1229.000000, 9060.000000, 9200.000000, 0.210000
1510.237287, -1.423690, 0.289505, 1225.500000, 1229.000000, 9220.000000, 9360.000000, 0.210000
1558.994774, -1.469718, 0.290330, 1225.500000, 1229.000000, 9380.000000, 9520.000000, 0.210000
1608.487598, -1.516443, 0.291154, 1225.500000, 1229.000000, 9540.000000, 9680.000000, 0.210000
1658.713302, -1.563865, 0.291977, 1225.500000, 1229.000000, 9700.000000, 9840.000000, 0.210000
1709.669402, -1.611980, 0.292798, 1225.500000, 1229.000000, 9860.000000, 10000.000000, 0.210000
106.811612, -0.099899, 0.249714, 1229.500000, 1233.000000, 2000.000000, 2160.000000, 0.210000
121.875040, -0.114066, 0.250811, 1229.500000, 1233.000000, 2180.000000, 2340.000000, 0.210000
137.906070, -0.129145, 0.251889, 1229.500000, 1233.000000, 2360.000000, 2520.000000, 0.210000
154.906576, -0.145138, 0.252953, 1229.500000, 1233.000000, 2540.000000, 2700.000000, 0.210000
172.877948, -0.162046, 0.254003, 1229.500000, 1233.000000, 2720.000000, 2880.000000, 0.210000
191.821169, -0.179869, 0.255042, 1229.500000, 1233.000000, 2900.000000, 3060.000000, 0.210000
211.736876, -0.198607, 0.256070, 1229.500000, 1233.000000, 3080.000000, 3240.000000, 0.210000
232.625405, -0.218262, 0.257089, 1229.500000, 1233.000000, 3260.000000, 3420.000000, 0.210000
254.486833, -0.238833, 0.258100, 1229.500000, 1233.000000, 3440.000000, 3600.000000, 0.210000
277.321001, -0.260320, 0.259103, 1229.500000, 1233.000000, 3620.000000, 3780.000000, 0.210000
301.127541, -0.282723, 0.260099, 1229.500000, 1233.000000, 3800.000000, 3960.000000, 0.210000
325.905898, -0.306040, 0.261090, 1229.500000, 1233.000000, 3980.000000, 4140.000000, 0.210000
351.655341, -0.330272, 0.262074, 1229.500000, 1233.000000, 4160.000000, 4320.000000, 0.210000
378.374981, -0.355417, 0.263053, 1229.500000, 1233.000000, 4340.000000, 4500.000000, 0.210000
406.063782, -0.381475, 0.264028, 1229.500000, 1233.000000, 4520.000000, 4680.000000, 0.210000
434.720571, -0.408445, 0.264998, 1229.500000, 1233.000000, 4700.000000, 4860.000000, 0.210000
464.344046, -0.436324, 0.265964, 1229.500000, 1233.000000, 4880.000000, 5040.000000, 0.210000
494.932784, -0.465113, 0.266926, 1229.500000, 1233.000000, 5060.000000, 5220.000000, 0.210000
526.485247, -0.494810, 0.267884, 1229.500000, 1233.000000, 5240.000000, 5400.000000, 0.210000
558.999792, -0.525413, 0.268839, 1229.500000, 1233.000000, 5420.000000, 5580.000000, 0.210000
592.474672, -0.556921, 0.269790, 1229.500000, 1233.000000, 5600.000000, 5760.000000, 0.210000
626.908041, -0.589332, 0.270739, 1229.500000, 1233.000000, 5780.000000, 5940.000000, 0.210000
662.297963, -0.622645, 0.271684, 1229.500000, 1233.000000, 5960.000000, 6120.000000, 0.210000
698.642412, -0.656857, 0.272627, 1229.500000, 1233.000000, 6140.000000, 6300.000000, 0.210000
735.939276, -0.691968, 0.273568, 1229.500000, 1233.000000, 6320.000000, 6480.000000, 0.210000
772.025449, -0.725943, 0.274453, 1229.500000, 1233.000000, 6500.000000, 6640.000000, 0.210000
806.772003, -0.758655, 0.275285, 1229.500000, 1233.000000, 6660.000000, 6800.000000, 0.210000
842.266018, -0.792072, 0.276115, 1229.500000, 1233.000000, 6820.000000, 6960.000000, 0.210000
878.505807, -0.826193, 0.276943, 1229.500000, 1233.000000, 6980.000000, 7120.000000, 0.210000
915.489640, -0.861017, 0.277769, 1229.500000, 1233.000000, 7140.000000, 7280.000000, 0.210000
953.215745, -0.896541, 0.278594, 1229.500000, 1233.000000, 7300.000000, 7440.000000, 0.210000
991.682309, -0.932764, 0.279417, 1229.500000, 1233.000000, 7460.000000, 7600.000000, 0.210000
1030.887481, -0.969684, 0.280239, 1229.500000, 1233.000000, 7620.000000, 7760.000000, 0.210000
1070.829370, -1.007301, 0.281059, 1229.500000, 1233.000000, 7780.000000, 7920.000000, 0.210000
1111.506051, -1.045612, 0.281878, 1229.500000, 1233.000000, 7940.000000, 8080.000000, 0.210000
1152.915562, -1.084615, 0.282696, 1229.500000, 1233.000000, 8100.000000, 8240.000000, 0.210000
1195.055908, -1.124309, 0.283512, 1229.500000, 1233.000000, 8260.000000, 8400.000000, 0.210000
1237.925060, -1.164692, 0.284327, 1229.500000, 1233.000000, 8420.000000, 8560.000000, 0.210000
1281.520960, -1.205763, 0.285140, 1229.500000, 1233.000000, 8580.000000, 8720.000000, 0.210000
1325.841516, -1.247519, 0.285953, 1229.500000, 1233.000000, 8740.000000, 8880.000000, 0.210000
1370.884610, -1.289959, 0.286764, 1229.500000, 1233.000000, 8900.000000, 9040.000000, 0.210000
1416.648094, -1.333081, 0.287574, 1229.500000, 1233.000000, 9060.000000, 9200.000000, 0.210000
1463.129792, -1.376883, 0.288383, 1229.500000, 1233.000000, 9220.000000, 9360.000000, 0.210000
1510.327505, -1.421364, 0.289190, 1229.500000, 1233.000000, 9380.000000, 9520.000000, 0.210000
1558.239005, -1.466520, 0.289997, 1229.500000, 1233.000000, 9540.000000, 9680.000000, 0.210000
1606.862044, -1.512351, 0.290803, 1229.500000, 1233.000000, 9700.000000, 9840.000000, 0.210000
1656.194348, -1.558855, 0.291607, 1229.500000, 1233.000000, 9860.000000, 10000.000000, 0.210000
104.505681, -0.097523, 0.249414, 1233.500000, 1237.000000, 2000.000000, 2160.000000, 0.210000
119.143612, -0.111265, 0.250491, 1233.500000, 1237.000000, 2180.000000, 2340.000000, 0.210000
134.713626, -0.125884, 0.251549, 1233.500000, 1237.000000, 2360.000000, 2520.000000, 0.210000
151.217714, -0.141383, 0.252593, 1233.500000, 1237.000000, 2540.000000, 2700.000000, 0.210000
168.657390, -0.157761, 0.253623, 1233.500000, 1237.000000, 2720.000000, 2880.000000, 0.210000
187.033767, -0.175021, 0.254642, 1233.500000, 1237.000000, 2900.000000, 3060.000000, 0.210000
206.347620, -0.193162, 0.255650, 1233.500000, 1237.000000, 3080.000000, 3240.000000, 0.210000
226.599428, -0.212185, 0.256649, 1233.500000, 1237.000000, 3260.000000, 3420.000000, 0.210000
247.789418, -0.232091, 0.257640, 1233.500000, 1237.000000, 3440.000000, 3600.000000, 0.210000
269.917588, -0.252878, 0.258623, 1233.500000, 1237.000000, 3620.000000, 3780.000000, 0.210000
292.983734, -0.274547, 0.259600, 1233.500000, 1237.000000, 3800.000000, 3960.000000, 0.210000
316.987468, -0.297098, 0.260570, 1233.500000, 1237.000000, 3980.000000, 4140.000000, 0.210000
341.928236, -0.320530, 0.261535, 1233.500000, 1237.000000, 4160.000000, 4320.000000, 0.210000
367.805332, -0.344842, 0.262494, 1233.500000, 1237.000000, 4340.000000, 4500.000000, 0.210000
394.617906, -0.370033, 0.263449, 1233.500000, 1237.000000, 4520.000000, 4680.000000, 0.210000
422.364978, -0.396103, 0.264399, 1233.500000, 1237.000000, 4700.000000, 4860.000000, 0.210000
451.045447, -0.423051, 0.265345, 1233.500000, 1237.000000, 4880.000000, 5040.000000, 0.210000
480.658092, -0.450876, 0.266287, 1233.500000, 1237.000000, 5060.000000, 5220.000000, 0.210000
511.201588, -0.479575, 0.267225, 1233.500000, 1237.000000, 5240.000000, 5400.000000, 0.210000
542.674504, -0.509150, 0.268160, 1233.500000, 1237.000000, 5420.000000, 5580.000000, 0.210000
575.075313, -0.539597, 0.269092, 1233.500000, 1237.000000, 5600.000000, 5760.000000, 0.210000
608.402395, -0.570915, 0.270021, 1233.500000, 1237.000000, 5780.000000, 5940.000000, 0.210000
642.654042, -0.603104, 0.270947, 1233.500000, 1237.000000, 5960.000000, 6120.000000, 0.210000
677.828461, -0.636161, 0.271870, 1233.500000, 1237.000000, 6140.000000, 6300.000000, 0.210000
713.923777, -0.670085, 0.272791, 1233.500000, 1237.000000, 6320.000000, 6480.000000, 0.210000
748.846765, -0.702911, 0.273658, 1233.500000, 1237.000000, 6500.000000, 6640.000000, 0.210000
782.472941, -0.734517, 0.274472, 1233.500000, 1237.000000, 6660.000000, 6800.000000, 0.210000
816.822223, -0.766804, 0.275285, 1233.500000, 1237.000000, 6820.000000, 6960.000000, 0.210000
851.893099, -0.799771, 0.276096, 1233.500000, 1237.000000, 6980.000000, 7120.000000, 0.210000
887.684018, -0.833416, 0.276905, 1233.500000, 1237.000000, 7140.000000, 7280.000000, 0.210000
924.193387, -0.867739, 0.277713, 1233.500000, 1237.000000, 7300.000000, 7440.000000, 0.210000
961.419575, -0.902737, 0.278519, 1233.500000, 1237.000000, 7460.000000, 7600.000000, 0.210000
999.360914, -0.938409, 0.279323, 1233.500000, 1237.000000, 7620.000000, 7760.000000, 0.210000
1038.015697, -0.974754, 0.280126, 1233.500000, 1237.000000, 7780.000000, 7920.000000, 0.210000
1077.382185, -1.011771, 0.280928, 1233.500000, 1237.000000, 7940.000000, 8080.000000, 0.210000
1117.458604, -1.049457, 0.281729, 1233.500000, 1237.000000, 8100.000000, 8240.000000, 0.210000
1158.243145, -1.087812, 0.282528, 1233.500000, 1237.000000, 8260.000000, 8400.000000, 0.210000
1199.733970, -1.126834, 0.283326, 1233.500000, 1237.000000, 8420.000000, 8560.000000, 0.210000
1241.929209, -1.166520, 0.284122, 1233.500000, 1237.000000, 8580.000000, 8720.000000, 0.210000
1284.826962, -1.206870, 0.284918, 1233.500000, 1237.000000, 8740.000000, 8880.000000, 0.210000
1328.425302, -1.247882, 0.285712, 1233.500000, 1237.000000, 8900.000000, 9040.000000, 0.210000
1372.722272, -1.289555, 0.286505, 1233.500000, 1237.000000, 9060.000000, 9200.000000, 0.210000
1417.715889, -1.331886, 0.287298, 1233.500000, 1237.000000, 9220.000000, 9360.000000, 0.210000
1463.404144, -1.374873, 0.288089, 1233.500000, 1237.000000, 9380.000000, 9520.000000, 0.210000
1509.785005, -1.418517, 0.288879, 1233.500000, 1237.000000, 9540.000000, 9680.000000, 0.210000
1556.856413, -1.462813, 0.289668, 1233.500000, 1237.000000, 9700.000000, 9840.000000, 0.210000
1604.616288, -1.507761, 0.290456, 1233.500000, 1237.000000, 9860.000000, 10000.000000, 0.210000
102.293423, -0.095246, 0.249122, 1237.500000, 1241.000000, 2000.000000, 2160.000000, 0.210000
116.522617, -0.108580, 0.250180, 1237.500000, 1241.000000, 2180.000000, 2340.000000, 0.210000
131.649714, -0.122758, 0.251220, 1237.500000, 1241.000000, 2360.000000, 2520.000000, 0.210000
147.676810, -0.137782, 0.252244, 1237.500000, 1241.000000, 2540.000000, 2700.000000, 0.210000
164.605531, -0.153654, 0.253255, 1237.500000, 1241.000000, 2720.000000, 2880.000000, 0.210000
182.437105, -0.170373, 0.254255, 1237.500000, 1241.000000, 2900.000000, 3060.000000, 0.210000
201.172431, -0.187941, 0.255244, 1237.500000, 1241.000000, 3080.000000, 3240.000000, 0.210000
220.812116, -0.206359, 0.256224, 1237.500000, 1241.000000, 3260.000000, 3420.000000, 0.210000
241.356521, -0.225626, 0.257195, 1237.500000, 1241.000000, 3440.000000, 3600.000000, 0.210000
262.805784, -0.245742, 0.258159, 1237.500000, 1241.000000, 3620.000000, 3780.000000, 0.210000
285.159845, -0.266708, 0.259116, 1237.500000, 1241.000000, 3800.000000, 3960.000000, 0.210000
308.418471, -0.288523, 0.260067, 1237.500000, 1241.000000, 3980.000000, 4140.000000, 0.210000
332.581262, -0.311187, 0.261013, 1237.500000, 1241.000000, 4160.000000, 4320.000000, 0.210000
357.647676, -0.334699, 0.261953, 1237.500000, 1241.000000, 4340.000000, 4500.000000, 0.210000
383.617030, -0.359059, 0.262889, 1237.500000, 1241.000000, 4520.000000, 4680.000000, 0.210000
410.488518, -0.384266, 0.263820, 1237.500000, 1241.000000, 4700.000000, 4860.000000, 0.210000
438.261215, -0.410319, 0.264746, 1237.500000, 1241.000000, 4880.000000, 5040.000000, 0.210000
466.934086, -0.437218, 0.265669, 1237.500000, 1241.000000, 5060.000000, 5220.000000, 0.210000
496.505992, -0.464960, 0.266589, 1237.500000, 1241.000000, 5240.000000, 5400.000000, 0.210000
526.975696, -0.493546, 0.267505, 1237.500000, 1241.000000, 5420.000000, 5580.000000, 0.210000
558.341867, -0.522974, 0.268417, 1237.500000, 1241.000000, 5600.000000, 5760.000000, 0.210000
590.603087, -0.553243, 0.269327, 1237.500000, 1241.000000, 5780.000000, 5940.000000, 0.210000
623.757853, -0.584352, 0.270234, 1237.500000, 1241.000000, 5960.000000, 6120.000000, 0.210000
657.804581, -0.616298, 0.271138, 1237.500000, 1241.000000, 6140.000000, 6300.000000, 0.210000
692.741613, -0.649082, 0.272040, 1237.500000, 1241.000000, 6320.000000, 6480.000000, 0.210000
726.543090, -0.680804, 0.272890, 1237.500000, 1241.000000, 6500.000000, 6640.000000, 0.210000
759.088836, -0.711346, 0.273687, 1237.500000, 1241.000000, 6660.000000, 6800.000000, 0.210000
792.334006, -0.742546, 0.274483, 1237.500000, 1241.000000, 6820.000000, 6960.000000, 0.210000
826.277249, -0.774403, 0.275277, 1237.500000, 1241.000000, 6980.000000, 7120.000000, 0.210000
860.917173, -0.806915, 0.276070, 1237.500000, 1241.000000, 7140.000000, 7280.000000, 0.210000
896.252349, -0.840081, 0.276861, 1237.500000, 1241.000000, 7300.000000, 7440.000000, 0.210000
932.281311, -0.873900, 0.277650, 1237.500000, 1241.000000, 7460.000000, 7600.000000, 0.210000
969.002554, -0.908371, 0.278438, 1237.500000, 1241.000000, 7620.000000, 7760.000000, 0.210000
1006.414541, -0.943493, 0.279225, 1237.500000, 1241.000000, 7780.000000, 7920.000000, 0.210000
1044.515701, -0.979263, 0.280010, 1237.500000, 1241.000000, 7940.000000, 8080.000000, 0.210000
1083.304429, -1.015682, 0.280794, 1237.500000, 1241.000000, 8100.000000, 8240.000000, 0.210000
1122.779088, -1.052746, 0.281577, 1237.500000, 1241.000000, 8260.000000, 8400.000000, 0.210000
1162.938012, -1.090456, 0.282358, 1237.500000, 1241.000000, 8420.000000, 8560.000000, 0.210000
1203.779504, -1.128809, 0.283139, 1237.500000, 1241.000000, 8580.000000, 8720.000000, 0.210000
1245.301838, -1.167804, 0.283918, 1237.500000, 1241.000000, 8740.000000, 8880.000000, 0.210000
1287.503261, -1.207440, 0.284696, 1237.500000, 1241.000000, 8900.000000, 9040.000000, 0.210000
1330.381991, -1.247715, 0.285473, 1237.500000, 1241.000000, 9060.000000, 9200.000000, 0.210000
1373.936222, -1.288628, 0.286249, 1237.500000, 1241.000000, 9220.000000, 9360.000000, 0.210000
1418.164120, -1.330176, 0.287024, 1237.500000, 1241.000000, 9380.000000, 9520.000000, 0.210000
1463.063830, -1.372359, 0.287798, 1237.500000, 1241.000000, 9540.000000, 9680.000000, 0.210000
1508.633471, -1.415175, 0.288571, 1237.500000, 1241.000000, 9700.000000, 9840.000000, 0.210000
1554.871137, -1.458623, 0.289343, 1237.500000, 1241.000000, 9860.000000, 10000.000000, 0.210000
100.170638, -0.093061, 0.248840, 1241.500000, 1245.000000, 2000.000000, 2160.000000, 0.210000
114.007115, -0.106005, 0.249879, 1241.500000, 1245.000000, 2180.000000, 2340.000000, 0.210000
128.708597, -0.119760, 0.250900, 1241.500000, 1245.000000, 2360.000000, 2520.000000, 0.210000
144.277279, -0.134330, 0.251906, 1241.500000, 1245.000000, 2540.000000, 2700.000000, 0.210000
160.714882, -0.149715, 0.252899, 1241.500000, 1245.000000, 2720.000000, 2880.000000, 0.210000
178.022742, -0.165916, 0.253880, 1241.500000, 1245.000000, 2900.000000, 3060.000000, 0.210000
196.201866, -0.182935, 0.254850, 1241.500000, 1245.000000, 3080.000000, 3240.000000, 0.210000
215.252976, -0.200771, 0.255812, 1241.500000, 1245.000000, 3260.000000, 3420.000000, 0.210000
235.176552, -0.219426, 0.256765, 1241.500000, 1245.000000, 3440.000000, 3600.000000, 0.210000
255.972859, -0.238898, 0.257710, 1241.500000, 1245.000000, 3620.000000, 3780.000000, 0.210000
277.641967, -0.259189, 0.258649, 1241.500000, 1245.000000, 3800.000000, 3960.000000, 0.210000
300.183776, -0.280299, 0.259581, 1241.500000, 1245.000000, 3980.000000, 4140.000000, 0.210000
323.598030, -0.302226, 0.260508, 1241.500000, 1245.000000, 4160.000000, 4320.000000, 0.210000
347.884329, -0.324970, 0.261430, 1241.500000, 1245.000000, 4340.000000, 4500.000000, 0.210000
373.042142, -0.348532, 0.262347, 1241.500000, 1245.000000, 4520.000000, 4680.000000, 0.210000
399.070818, -0.372910, 0.263259, 1241.500000, 1245.000000, 4700.000000, 4860.000000, 0.210000
425.969590, -0.398104, 0.264168, 1241.500000, 1245.000000, 4880.000000, 5040.000000, 0.210000
453.737588, -0.424114, 0.265072, 1241.500000, 1245.000000, 5060.000000, 5220.000000, 0.210000
482.373841, -0.450937, 0.265973, 1241.500000, 1245.000000, 5240.000000, 5400.000000, 0.210000
511.877285, -0.478574, 0.266871, 1241.500000, 1245.000000, 5420.000000, 5580.000000, 0.210000
542.246767, -0.507023, 0.267765, 1241.500000, 1245.000000, 5600.000000, 5760.000000, 0.210000
573.481048, -0.536283, 0.268657, 1241.500000, 1245.000000, 5780.000000, 5940.000000, 0.210000
605.578811, -0.566354, 0.269545, 1241.500000, 1245.000000, 5960.000000, 6120.000000, 0.210000
638.538660, -0.597233, 0.270431, 1241.500000, 1245.000000, 6140.000000, 6300.000000, 0.210000
672.359128, -0.628920, 0.271315, 1241.500000, 1245.000000, 6320.000000, 6480.000000, 0.210000
705.079307, -0.659581, 0.272147, 1241.500000, 1245.000000, 6500.000000, 6640.000000, 0.210000
736.583186, -0.689100, 0.272928, 1241.500000, 1245.000000, 6660.000000, 6800.000000, 0.210000
768.763479, -0.719255, 0.273708, 1241.500000, 1245.000000, 6820.000000, 6960.000000, 0.210000
801.618979, -0.750044, 0.274486, 1241.500000, 1245.000000, 6980.000000, 7120.000000, 0.210000
835.148439, -0.781466, 0.275263, 1241.500000, 1245.000000, 7140.000000, 7280.000000, 0.210000
869.350578, -0.813520, 0.276037, 1241.500000, 1245.000000, 7300.000000, 7440.000000, 0.210000
904.224076, -0.846205, 0.276811, 1241.500000, 1245.000000, 7460.000000, 7600.000000, 0.210000
939.767581, -0.879520, 0.277583, 1241.500000, 1245.000000, 7620.000000, 7760.000000, 0.210000
975.979706, -0.913463, 0.278354, 1241.500000, 1245.000000, 7780.000000, 7920.000000, 0.210000
1012.859033, -0.948034, 0.279123, 1241.500000, 1245.000000, 7940.000000, 8080.000000, 0.210000
1050.404112, -0.983232, 0.279891, 1241.500000, 1245.000000, 8100.000000, 8240.000000, 0.210000
1088.613460, -1.019054, 0.280658, 1241.500000, 1245.000000, 8260.000000, 8400.000000, 0.210000
1127.485569, -1.055500, 0.281424, 1241.500000, 1245.000000, 8420.000000, 8560.000000, 0.210000
1167.018898, -1.092568, 0.282188, 1241.500000, 1245.000000, 8580.000000, 8720.000000, 0.210000
1207.211881, -1.130258, 0.282952, 1241.500000, 1245.000000, 8740.000000, 8880.000000, 0.210000
1248.062922, -1.168568, 0.283714, 1241.500000, 1245.000000, 8900.000000, 9040.000000, 0.210000
1289.570401, -1.207496, 0.284475, 1241.500000, 1245.000000, 9060.000000, 9200.000000, 0.210000
1331.732671, -1.247041, 0.285236, 1241.500000, 1245.000000, 9220.000000, 9360.000000, 0.210000
1374.548062, -1.287202, 0.285995, 1241.500000, 1245.000000, 9380.000000, 9520.000000, 0.210000
1418.014877, -1.327978, 0.286753, 1241.500000, 1245.000000, 9540.000000, 9680.000000, 0.210000
1462.131398, -1.369366, 0.287511, 1241.500000, 1245.000000, 9700.000000, 9840.000000, 0.210000
1506.895884, -1.411366, 0.288267, 1241.500000, 1245.000000, 9860.000000, 10000.000000, 0.210000
98.133332, -0.090967, 0.248565, 1245.500000, 1249.000000, 2000.000000, 2160.000000, 0.210000
111.592406, -0.103535, 0.249587, 1245.500000, 1249.000000, 2180.000000, 2340.000000, 0.210000
125.884820, -0.116885, 0.250590, 1245.500000, 1249.000000, 2360.000000, 2520.000000, 0.210000
141.012853, -0.131019, 0.251579, 1245.500000, 1249.000000, 2540.000000, 2700.000000, 0.210000
156.978317, -0.145937, 0.252553, 1245.500000, 1249.000000, 2720.000000, 2880.000000, 0.210000
173.782641, -0.161642, 0.253516, 1245.500000, 1249.000000, 2900.000000, 3060.000000, 0.210000
191.426929, -0.178133, 0.254469, 1245.500000, 1249.000000, 3080.000000, 3240.000000, 0.210000
209.912008, -0.195412, 0.255412, 1245.500000, 1249.000000, 3260.000000, 3420.000000, 0.210000
229.238464, -0.213479, 0.256348, 1245.500000, 1249.000000, 3440.000000, 3600.000000, 0.210000
249.406674, -0.232334, 0.257275, 1245.500000, 1249.000000, 3620.000000, 3780.000000, 0.210000
270.416826, -0.251977, 0.258196, 1245.500000, 1249.000000, 3800.000000, 3960.000000, 0.210000
292.268940, -0.272409, 0.259111, 1245.500000, 1249.000000, 3980.000000, 4140.000000, 0.210000
314.962884, -0.293629, 0.260020, 1245.500000, 1249.000000, 4160.000000, 4320.000000, 0.210000
338.498390, -0.315636, 0.260924, 1245.500000, 1249.000000, 4340.000000, 4500.000000, 0.210000
362.875062, -0.338432, 0.261823, 1245.500000, 1249.000000, 4520.000000, 4680.000000, 0.210000
388.092385, -0.362014, 0.262718, 1245.500000, 1249.000000, 4700.000000, 4860.000000, 0.210000
414.149737, -0.386384, 0.263608, 1245.500000, 1249.000000, 4880.000000, 5040.000000, 0.210000
441.046394, -0.411539, 0.264495, 1245.500000, 1249.000000, 5060.000000, 5220.000000, 0.210000
468.781536, -0.437479, 0.265378, 1245.500000, 1249.000000, 5240.000000, 5400.000000, 0.210000
497.354254, -0.464204, 0.266258, 1245.500000, 1249.000000, 5420.000000, 5580.000000, 0.210000
526.763553, -0.491713, 0.267135, 1245.500000, 1249.000000, 5600.000000, 5760.000000, 0.210000
557.008358, -0.520004, 0.268008, 1245.500000, 1249.000000, 5780.000000, 5940.000000, 0.210000
588.087516, -0.549077, 0.268879, 1245.500000, 1249.000000, 5960.000000, 6120.000000, 0.210000
619.999803, -0.578931, 0.269748, 1245.500000, 1249.000000, 6140.000000, 6300.000000, 0.210000
652.743922, -0.609564, 0.270614, 1245.500000, 1249.000000, 6320.000000, 6480.000000, 0.210000
684.421579, -0.639204, 0.271429, 1245.500000, 1249.000000, 6500.000000, 6640.000000, 0.210000
714.920797, -0.667740, 0.272195, 1245.500000, 1249.000000, 6660.000000, 6800.000000, 0.210000
746.074085, -0.696889, 0.272959, 1245.500000, 1249.000000, 6820.000000, 6960.000000, 0.210000
777.880365, -0.726651, 0.273722, 1245.500000, 1249.000000, 6980.000000, 7120.000000, 0.210000
810.338522, -0.757025, 0.274482, 1245.500000, 1249.000000, 7140.000000, 7280.000000, 0.210000
843.447405, -0.788009, 0.275242, 1245.500000, 1249.000000, 7300.000000, 7440.000000, 0.210000
877.205831, -0.819603, 0.276000, 1245.500000, 1249.000000, 7460.000000, 7600.000000, 0.210000
911.612582, -0.851805, 0.276756, 1245.500000, 1249.000000, 7620.000000, 7760.000000, 0.210000
946.666410, -0.884615, 0.277512, 1245.500000, 1249.000000, 7780.000000, 7920.000000, 0.210000
982.366034, -0.918031, 0.278266, 1245.500000, 1249.000000, 7940.000000, 8080.000000, 0.210000
1018.710144, -0.952053, 0.279018, 1245.500000, 1249.000000, 8100.000000, 8240.000000, 0.210000
1055.697399, -0.986679, 0.279770, 1245.500000, 1249.000000, 8260.000000, 8400.000000, 0.210000
1093.326432, -1.021908, 0.280520, 1245.500000, 1249.000000, 8420.000000, 8560.000000, 0.210000
1131.595845, -1.057739, 0.281269, 1245.500000, 1249.000000, 8580.000000, 8720.000000, 0.210000
1170.504216, -1.094171, 0.282018, 1245.500000, 1249.000000, 8740.000000, 8880.000000, 0.210000
1210.050095, -1.131203, 0.282765, 1245.500000, 1249.000000, 8900.000000, 9040.000000, 0.210000
1250.232007, -1.168833, 0.283511, 1245.500000, 1249.000000, 9060.000000, 9200.000000, 0.210000
1291.048453, -1.207061, 0.284256, 1245.500000, 1249.000000, 9220.000000, 9360.000000, 0.210000
1332.497907, -1.245884, 0.285000, 1245.500000, 1249.000000, 9380.000000, 9520.000000, 0.210000
1374.578822, -1.285302, 0.285743, 1245.500000, 1249.000000, 9540.000000, 9680.000000, 0.210000
1417.289628, -1.325314, 0.286486, 1245.500000, 1249.000000, 9700.000000, 9840.000000, 0.210000
1460.628731, -1.365917, 0.287227, 1245.500000, 1249.000000, 9860.000000, 10000.000000, 0.210000
96.177709, -0.088957, 0.248298, 1249.500000, 1253.000000, 2000.000000, 2160.000000, 0.210000
109.274023, -0.101166, 0.249303, 1249.500000, 1253.000000, 2180.000000, 2340.000000, 0.210000
123.173192, -0.114127, 0.250290, 1249.500000, 1253.000000, 2360.000000, 2520.000000, 0.210000
137.877570, -0.127842, 0.251261, 1249.500000, 1253.000000, 2540.000000, 2700.000000, 0.210000
153.389051, -0.142313, 0.252218, 1249.500000, 1253.000000, 2720.000000, 2880.000000, 0.210000
169.709147, -0.157541, 0.253164, 1249.500000, 1253.000000, 2900.000000, 3060.000000, 0.210000
186.839052, -0.173526, 0.254100, 1249.500000, 1253.000000, 3080.000000, 3240.000000, 0.210000
204.779684, -0.190270, 0.255026, 1249.500000, 1253.000000, 3260.000000, 3420.000000, 0.210000
223.531726, -0.207773, 0.255944, 1249.500000, 1253.000000, 3440.000000, 3600.000000, 0.210000
243.095653, -0.226035, 0.256854, 1249.500000, 1253.000000, 3620.000000, 3780.000000, 0.210000
263.471759, -0.245057, 0.257758, 1249.500000, 1253.000000, 3800.000000, 3960.000000, 0.210000
284.660173, -0.264838, 0.258655, 1249.500000, 1253.000000, 3980.000000, 4140.000000, 0.210000
306.660875, -0.285379, 0.259547, 1249.500000, 1253.000000, 4160.000000, 4320.000000, 0.210000
329.473712, -0.306679, 0.260434, 1249.500000, 1253.000000, 4340.000000, 4500.000000, 0.210000
353.098408, -0.328739, 0.261316, 1249.500000, 1253.000000, 4520.000000, 4680.000000, 0.210000
377.534575, -0.351558, 0.262194, 1249.500000, 1253.000000, 4700.000000, 4860.000000, 0.210000
402.781717, -0.375135, 0.263067, 1249.500000, 1253.000000, 4880.000000, 5040.000000, 0.210000
428.839242, -0.399469, 0.263937, 1249.500000, 1253.000000, 5060.000000, 5220.000000, 0.210000
455.706465, -0.424562, 0.264803, 1249.500000, 1253.000000, 5240.000000, 5400.000000, 0.210000
483.382616, -0.450411, 0.265665, 1249.500000, 1253.000000, 5420.000000, 5580.000000, 0.210000
511.866842, -0.477016, 0.266525, 1249.500000, 1253.000000, 5600.000000, 5760.000000, 0.210000
541.158214, -0.504376, 0.267382, 1249.500000, 1253.000000, 5780.000000, 5940.000000, 0.210000
571.255729, -0.532490, 0.268236, 1249.500000, 1253.000000, 5960.000000, 6120.000000, 0.210000
602.158313, -0.561358, 0.269087, 1249.500000, 1253.000000, 6140.000000, 6300.000000, 0.210000
633.864827, -0.590979, 0.269936, 1249.500000, 1253.000000, 6320.000000, 6480.000000, 0.210000
664.537338, -0.619637, 0.270735, 1249.500000, 1253.000000, 6500.000000, 6640.000000, 0.210000
694.067773, -0.647228, 0.271486, 1249.500000, 1253.000000, 6660.000000, 6800.000000, 0.210000
724.230591, -0.675410, 0.272235, 1249.500000, 1253.000000, 6820.000000, 6960.000000, 0.210000
755.024830, -0.704184, 0.272982, 1249.500000, 1253.000000, 6980.000000, 7120.000000, 0.210000
786.449494, -0.733549, 0.273728, 1249.500000, 1253.000000, 7140.000000, 7280.000000, 0.210000
818.503551, -0.763504, 0.274473, 1249.500000, 1253.000000, 7300.000000, 7440.000000, 0.210000
851.185940, -0.794047, 0.275216, 1249.500000, 1253.000000, 7460.000000, 7600.000000, 0.210000
884.495567, -0.825179, 0.275957, 1249.500000, 1253.000000, 7620.000000, 7760.000000, 0.210000
918.431305, -0.856898, 0.276698, 1249.500000, 1253.000000, 7780.000000, 7920.000000, 0.210000
952.992000, -0.889203, 0.277437, 1249.500000, 1253.000000, 7940.000000, 8080.000000, 0.210000
988.176468, -0.922093, 0.278174, 1249.500000, 1253.000000, 8100.000000, 8240.000000, 0.210000
1023.983497, -0.955567, 0.278911, 1249.500000, 1253.000000, 8260.000000, 8400.000000, 0.210000
1060.411847, -0.989624, 0.279647, 1249.500000, 1253.000000, 8420.000000, 8560.000000, 0.210000
1097.460252, -1.024264, 0.280381, 1249.500000, 1253.000000, 8580.000000, 8720.000000, 0.210000
1135.127419, -1.059485, 0.281115, 1249.500000, 1253.000000, 8740.000000, 8880.000000, 0.210000
1173.412031, -1.095285, 0.281847, 1249.500000, 1253.000000, 8900.000000, 9040.000000, 0.210000
1212.312746, -1.131665, 0.282578, 1249.500000, 1253.000000, 9060.000000, 9200.000000, 0.210000
1251.828195, -1.168623, 0.283309, 1249.500000, 1253.000000, 9220.000000, 9360.000000, 0.210000
1291.956991, -1.206157, 0.284038, 1249.500000, 1253.000000, 9380.000000, 9520.000000, 0.210000
1332.697719, -1.244266, 0.284767, 1249.500000, 1253.000000, 9540.000000, 9680.000000, 0.210000
1374.048945, -1.282950, 0.285495, 1249.500000, 1253.000000, 9700.000000, 9840.000000, 0.210000
1416.009211, -1.322208, 0.286222, 1249.500000, 1253.000000, 9860.000000, 10000.000000, 0.210000
94.300157, -0.087029, 0.248039, 1253.500000, 1257.000000, 2000.000000, 2160.000000, 0.210000
107.047715, -0.098892, 0.249027, 1253.500000, 1257.000000, 2180.000000, 2340.000000, 0.210000
120.568772, -0.111480, 0.249997, 1253.500000, 1257.000000, 2360.000000, 2520.000000, 0.210000
134.865754, -0.124794, 0.250952, 1253.500000, 1257.000000, 2540.000000, 2700.000000, 0.210000
149.940625, -0.138835, 0.251893, 1253.500000, 1257.000000, 2720.000000, 2880.000000, 0.210000
165.794974, -0.153605, 0.252823, 1253.500000, 1257.000000, 2900.000000, 3060.000000, 0.210000
182.430074, -0.169105, 0.253742, 1253.500000, 1257.000000, 3080.000000, 3240.000000, 0.210000
199.846925, -0.185335, 0.254651, 1253.500000, 1257.000000, 3260.000000, 3420.000000, 0.210000
218.046297, -0.202297, 0.255553, 1253.500000, 1257.000000, 3440.000000, 3600.000000, 0.210000
237.028756, -0.219990, 0.256447, 1253.500000, 1257.000000, 3620.000000, 3780.000000, 0.210000
256.794687, -0.238415, 0.257334, 1253.500000, 1257.000000, 3800.000000, 3960.000000, 0.210000
277.344316, -0.257572, 0.258215, 1253.500000, 1257.000000, 3980.000000, 4140.000000, 0.210000
298.677726, -0.277461, 0.259090, 1253.500000, 1257.000000, 4160.000000, 4320.000000, 0.210000
320.794868, -0.298082, 0.259960, 1253.500000, 1257.000000, 4340.000000, 4500.000000, 0.210000
343.695572, -0.319436, 0.260825, 1253.500000, 1257.000000, 4520.000000, 4680.000000, 0.210000
367.379562, -0.341520, 0.261686, 1253.500000, 1257.000000, 4700.000000, 4860.000000, 0.210000
391.846456, -0.364336, 0.262543, 1253.500000, 1257.000000, 4880.000000, 5040.000000, 0.210000
417.095781, -0.387883, 0.263396, 1253.500000, 1257.000000, 5060.000000, 5220.000000, 0.210000
443.126973, -0.412161, 0.264246, 1253.500000, 1257.000000, 5240.000000, 5400.000000, 0.210000
469.939386, -0.437168, 0.265092, 1253.500000, 1257.000000, 5420.000000, 5580.000000, 0.210000
497.532296, -0.462905, 0.265935, 1253.500000, 1257.000000, 5600.000000, 5760.000000, 0.210000
525.904903, -0.489370, 0.266775, 1253.500000, 1257.000000, 5780.000000, 5940.000000, 0.210000
555.056338, -0.516563, 0.267613, 1253.500000, 1257.000000, 5960.000000, 6120.000000, 0.210000
584.985666, -0.544483, 0.268448, 1253.500000, 1257.000000, 6140.000000, 6300.000000, 0.210000
615.691884, -0.573130, 0.269280, 1253.500000, 1257.000000, 6320.000000, 6480.000000, 0.210000
645.395259, -0.600845, 0.270064, 1253.500000, 1257.000000, 6500.000000, 6640.000000, 0.210000
673.991491, -0.627526, 0.270800, 1253.500000, 1257.000000, 6660.000000, 6800.000000, 0.210000
703.199066, -0.654779, 0.271535, 1253.500000, 1257.000000, 6820.000000, 6960.000000, 0.210000
733.017127, -0.682603, 0.272268, 1253.500000, 1257.000000, 6980.000000, 7120.000000, 0.210000
763.444786, -0.710998, 0.272999, 1253.500000, 1257.000000, 7140.000000, 7280.000000, 0.210000
794.481119, -0.739962, 0.273729, 1253.500000, 1257.000000, 7300.000000, 7440.000000, 0.210000
826.125173, -0.769496, 0.274457, 1253.500000, 1257.000000, 7460.000000, 7600.000000, 0.210000
858.375965, -0.799597, 0.275185, 1253.500000, 1257.000000, 7620.000000, 7760.000000, 0.210000
891.232481, -0.830265, 0.275911, 1253.500000, 1257.000000, 7780.000000, 7920.000000, 0.210000
924.693680, -0.861501, 0.276635, 1253.500000, 1257.000000, 7940.000000, 8080.000000, 0.210000
958.758492, -0.893301, 0.277359, 1253.500000, 1257.000000, 8100.000000, 8240.000000, 0.210000
993.425821, -0.925667, 0.278081, 1253.500000, 1257.000000, 8260.000000, 8400.000000, 0.210000
1028.694544, -0.958596, 0.278802, 1253.500000, 1257.000000, 8420.000000, 8560.000000, 0.210000
1064.563513, -0.992088, 0.279522, 1253.500000, 1257.000000, 8580.000000, 8720.000000, 0.210000
1101.031554, -1.026142, 0.280242, 1253.500000, 1257.000000, 8740.000000, 8880.000000, 0.210000
1138.097468, -1.060756, 0.280960, 1253.500000, 1257.000000, 8900.000000, 9040.000000, 0.210000
1175.760035, -1.095931, 0.281677, 1253.500000, 1257.000000, 9060.000000, 9200.000000, 0.210000
1214.018007, -1.131665, 0.282393, 1253.500000, 1257.000000, 9220.000000, 9360.000000, 0.210000
1252.870119, -1.167957, 0.283109, 1253.500000, 1257.000000, 9380.000000, 9520.000000, 0.210000
1292.315079, -1.204805, 0.283823, 1253.500000, 1257.000000, 9540.000000, 9680.000000, 0.210000
1332.351576, -1.242210, 0.284537, 1253.500000, 1257.000000, 9700.000000, 9840.000000, 0.210000
1372.978277, -1.280169, 0.285250, 1253.500000, 1257.000000, 9860.000000, 10000.000000, 0.210000
92.497242, -0.085178, 0.247787, 1257.500000, 1261.000000, 2000.000000, 2160.000000, 0.210000
104.909438, -0.096710, 0.248759, 1257.500000, 1261.000000, 2180.000000, 2340.000000, 0.210000
118.066863, -0.108940, 0.249714, 1257.500000, 1261.000000, 2360.000000, 2520.000000, 0.210000
131.972003, -0.121868, 0.250653, 1257.500000, 1261.000000, 2540.000000, 2700.000000, 0.210000
146.626891, -0.135497, 0.251578, 1257.500000, 1261.000000, 2720.000000, 2880.000000, 0.210000
162.033182, -0.149828, 0.252491, 1257.500000, 1261.000000, 2900.000000, 3060.000000, 0.210000
178.192219, -0.164862, 0.253394, 1257.500000, 1261.000000, 3080.000000, 3240.000000, 0.210000
195.105080, -0.180599, 0.254288, 1257.500000, 1261.000000, 3260.000000, 3420.000000, 0.210000
212.772609, -0.197041, 0.255174, 1257.500000, 1261.000000, 3440.000000, 3600.000000, 0.210000
231.195454, -0.214188, 0.256051, 1257.500000, 1261.000000, 3620.000000, 3780.000000, 0.210000
250.374084, -0.232040, 0.256923, 1257.500000, 1261.000000, 3800.000000, 3960.000000, 0.210000
270.308813, -0.250597, 0.257788, 1257.500000, 1261.000000, 3980.000000, 4140.000000, 0.210000
290.999812, -0.269860, 0.258647, 1257.500000, 1261.000000, 4160.000000, 4320.000000, 0.210000
312.447126, -0.289829, 0.259501, 1257.500000, 1261.000000, 4340.000000, 4500.000000, 0.210000
334.650682, -0.310504, 0.260350, 1257.500000, 1261.000000, 4520.000000, 4680.000000, 0.210000
357.610304, -0.331884, 0.261195, 1257.500000, 1261.000000, 4700.000000, 4860.000000, 0.210000
381.325712, -0.353969, 0.262036, 1257.500000, 1261.000000, 4880.000000, 5040.000000, 0.210000
405.796539, -0.376759, 0.262874, 1257.500000, 1261.000000, 5060.000000, 5220.000000, 0.210000
431.022330, -0.400253, 0.263707, 1257.500000, 1261.000000, 5240.000000, 5400.000000, 0.210000
457.002550, -0.424452, 0.264537, 1257.500000, 1261.000000, 5420.000000, 5580.000000, 0.210000
483.736590, -0.449354, 0.265365, 1257.500000, 1261.000000, 5600.000000, 5760.000000, 0.210000
511.223768, -0.474959, 0.266189, 1257.500000, 1261.000000, 5780.000000, 5940.000000, 0.210000
539.463335, -0.501267, 0.267010, 1257.500000, 1261.000000, 5960.000000, 6120.000000, 0.210000
568.454477, -0.528276, 0.267829, 1257.500000, 1261.000000, 6140.000000, 6300.000000, 0.210000
598.196319, -0.555987, 0.268646, 1257.500000, 1261.000000, 6320.000000, 6480.000000, 0.210000
626.965237, -0.582794, 0.269415, 1257.500000, 1261.000000, 6500.000000, 6640.000000, 0.210000
654.660579, -0.608601, 0.270137, 1257.500000, 1261.000000, 6660.000000, 6800.000000, 0.210000
682.946863, -0.634960, 0.270858, 1257.500000, 1261.000000, 6820.000000, 6960.000000, 0.210000
711.823325, -0.661870, 0.271577, 1257.500000, 1261.000000, 6980.000000, 7120.000000, 0.210000
741.289172, -0.689332, 0.272294, 1257.500000, 1261.000000, 7140.000000, 7280.000000, 0.210000
771.343579, -0.717343, 0.273010, 1257.500000, 1261.000000, 7300.000000, 7440.000000, 0.210000
801.985690, -0.745904, 0.273724, 1257.500000, 1261.000000, 7460.000000, 7600.000000, 0.210000
833.214623, -0.775014, 0.274438, 1257.500000, 1261.000000, 7620.000000, 7760.000000, 0.210000
865.029466, -0.804672, 0.275150, 1257.500000, 1261.000000, 7780.000000, 7920.000000, 0.210000
897.429279, -0.834878, 0.275860, 1257.500000, 1261.000000, 7940.000000, 8080.000000, 0.210000
930.413097, -0.865630, 0.276570, 1257.500000, 1261.000000, 8100.000000, 8240.000000, 0.210000
963.979927, -0.896927, 0.277278, 1257.500000, 1261.000000, 8260.000000, 8400.000000, 0.210000
998.128754, -0.928770, 0.277986, 1257.500000, 1261.000000, 8420.000000, 8560.000000, 0.210000
1032.858533, -0.961157, 0.278692, 1257.500000, 1261.000000, 8580.000000, 8720.000000, 0.210000
1068.168201, -0.994087, 0.279397, 1257.500000, 1261.000000, 8740.000000, 8880.000000, 0.210000
1104.056667, -1.027560, 0.280102, 1257.500000, 1261.000000, 8900.000000, 9040.000000, 0.210000
1140.522818, -1.061574, 0.280805, 1257.500000, 1261.000000, 9060.000000, 9200.000000, 0.210000
1177.565520, -1.096129, 0.281508, 1257.500000, 1261.000000, 9220.000000, 9360.000000, 0.210000
1215.183616, -1.131223, 0.282210, 1257.500000, 1261.000000, 9380.000000, 9520.000000, 0.210000
1253.375928, -1.166856, 0.282910, 1257.500000, 1261.000000, 9540.000000, 9680.000000, 0.210000
1292.141256, -1.203027, 0.283610, 1257.500000, 1261.000000, 9700.000000, 9840.000000, 0.210000
1331.478380, -1.239735, 0.284310, 1257.500000, 1261.000000, 9860.000000, 10000.000000, 0.210000
90.765697, -0.083400, 0.247542, 1261.500000, 1265.000000, 2000.000000, 2160.000000, 0.210000
102.855347, -0.094615, 0.248499, 1261.500000, 1265.000000, 2180.000000, 2340.000000, 0.210000
115.662992, -0.106501, 0.249438, 1261.500000, 1265.000000, 2360.000000, 2520.000000, 0.210000
129.191177, -0.119059, 0.250362, 1261.500000, 1265.000000, 2540.000000, 2700.000000, 0.210000
143.441993, -0.132292, 0.251272, 1261.500000, 1265.000000, 2720.000000, 2880.000000, 0.210000
158.417159, -0.146201, 0.252170, 1261.500000, 1265.000000, 2900.000000, 3060.000000, 0.210000
174.118081, -0.160788, 0.253058, 1261.500000, 1265.000000, 3080.000000, 3240.000000, 0.210000
190.545902, -0.176052, 0.253936, 1261.500000, 1265.000000, 3260.000000, 3420.000000, 0.210000
207.701539, -0.191995, 0.254806, 1261.500000, 1265.000000, 3440.000000, 3600.000000, 0.210000
225.585710, -0.208617, 0.255669, 1261.500000, 1265.000000, 3620.000000, 3780.000000, 0.210000
244.198960, -0.225918, 0.256524, 1261.500000, 1265.000000, 3800.000000, 3960.000000, 0.210000
263.541680, -0.243900, 0.257374, 1261.500000, 1265.000000, 3980.000000, 4140.000000, 0.210000
283.614123, -0.262562, 0.258218, 1261.500000, 1265.000000, 4160.000000, 4320.000000, 0.210000
304.416417, -0.281904, 0.259057, 1261.500000, 1265.000000, 4340.000000, 4500.000000, 0.210000
325.948577, -0.301927, 0.259891, 1261.500000, 1265.000000, 4520.000000, 4680.000000, 0.210000
348.210514, -0.322630, 0.260720, 1261.500000, 1265.000000, 4700.000000, 4860.000000, 0.210000
371.202043, -0.344012, 0.261546, 1261.500000, 1265.000000, 4880.000000, 5040.000000, 0.210000
394.922889, -0.366075, 0.262368, 1261.500000, 1265.000000, 5060.000000, 5220.000000, 0.210000
419.372696, -0.388817, 0.263186, 1261.500000, 1265.000000, 5240.000000, 5400.000000, 0.210000
444.551030, -0.412239, 0.264001, 1261.500000, 1265.000000, 5420.000000, 5580.000000, 0.210000
470.457383, -0.436339, 0.264813, 1261.500000, 1265.000000, 5600.000000, 5760.000000, 0.210000
497.091179, -0.461117, 0.265621, 1261.500000, 1265.000000, 5780.000000, 5940.000000, 0.210000
524.451777, -0.486574, 0.266428, 1261.500000, 1265.000000, 5960.000000, 6120.000000, 0.210000
552.538474, -0.512707, 0.267231, 1261.500000, 1265.000000, 6140.000000, 6300.000000, 0.210000
581.350507, -0.539517, 0.268033, 1261.500000, 1265.000000, 6320.000000, 6480.000000, 0.210000
609.218354, -0.565453, 0.268787, 1261.500000, 1265.000000, 6500.000000, 6640.000000, 0.210000
636.044893, -0.590419, 0.269496, 1261.500000, 1265.000000, 6660.000000, 6800.000000, 0.210000
663.442594, -0.615918, 0.270203, 1261.500000, 1265.000000, 6820.000000, 6960.000000, 0.210000
691.410781, -0.641949, 0.270908, 1261.500000, 1265.000000, 6980.000000, 7120.000000, 0.210000
719.948745, -0.668513, 0.271612, 1261.500000, 1265.000000, 7140.000000, 7280.000000, 0.210000
749.055751, -0.695608, 0.272314, 1261.500000, 1265.000000, 7300.000000, 7440.000000, 0.210000
778.731031, -0.723233, 0.273015, 1261.500000, 1265.000000, 7460.000000, 7600.000000, 0.210000
808.973794, -0.751389, 0.273715, 1261.500000, 1265.000000, 7620.000000, 7760.000000, 0.210000
839.783217, -0.780075, 0.274414, 1261.500000, 1265.000000, 7780.000000, 7920.000000, 0.210000
871.158455, -0.809289, 0.275111, 1261.500000, 1265.000000, 7940.000000, 8080.000000, 0.210000
903.098636, -0.839031, 0.275807, 1261.500000, 1265.000000, 8100.000000, 8240.000000, 0.210000
935.602861, -0.869301, 0.276502, 1261.500000, 1265.000000, 8260.000000, 8400.000000, 0.210000
968.670210, -0.900098, 0.277196, 1261.500000, 1265.000000, 8420.000000, 8560.000000, 0.210000
1002.299737, -0.931421, 0.277889, 1261.500000, 1265.000000, 8580.000000, 8720.000000, 0.210000
1036.490474, -0.963268, 0.278581, 1261.500000, 1265.000000, 8740.000000, 8880.000000, 0.210000
1071.241430, -0.995641, 0.279272, 1261.500000, 1265.000000, 8900.000000, 9040.000000, 0.210000
1106.551591, -1.028537, 0.279962, 1261.500000, 1265.000000, 9060.000000, 9200.000000, 0.210000
1142.419923, -1.061956, 0.280652, 1261.500000, 1265.000000, 9220.000000, 9360.000000, 0.210000
1178.845369, -1.095897, 0.281340, 1261.500000, 1265.000000, 9380.000000, 9520.000000, 0.210000
1215.826853, -1.130359, 0.282028, 1261.500000, 1265.000000, 9540.000000, 9680.000000, 0.210000
1253.363277, -1.165341, 0.282714, 1261.500000, 1265.000000, 9700.000000, 9840.000000, 0.210000
1291.453525, -1.200843, 0.283400, 1261.500000, 1265.000000, 9860.000000, 10000.000000, 0.210000
89.102414, -0.081694, 0.247303, 1265.500000, 1269.000000, 2000.000000, 2160.000000, 0.210000
100.881778, -0.092603, 0.248246, 1265.500000, 1269.000000, 2180.000000, 2340.000000, 0.210000
113.352901, -0.104158, 0.249171, 1265.500000, 1269.000000, 2360.000000, 2520.000000, 0.210000
126.518379, -0.116362, 0.250079, 1265.500000, 1269.000000, 2540.000000, 2700.000000, 0.210000
140.380358, -0.129215, 0.250975, 1265.500000, 1269.000000, 2720.000000, 2880.000000, 0.210000
154.940611, -0.142719, 0.251858, 1265.500000, 1269.000000, 2900.000000, 3060.000000, 0.210000
170.200602, -0.156875, 0.252731, 1265.500000, 1269.000000, 3080.000000, 3240.000000, 0.210000
186.161536, -0.171685, 0.253594, 1265.500000, 1269.000000, 3260.000000, 3420.000000, 0.210000
202.824391, -0.187148, 0.254450, 1265.500000, 1269.000000, 3440.000000, 3600.000000, 0.210000
220.189951, -0.203267, 0.255297, 1265.500000, 1269.000000, 3620.000000, 3780.000000, 0.210000
238.258828, -0.220040, 0.256138, 1265.500000, 1269.000000, 3800.000000, 3960.000000, 0.210000
257.031483, -0.237468, 0.256973, 1265.500000, 1269.000000, 3980.000000, 4140.000000, 0.210000
276.508242, -0.255553, 0.257802, 1265.500000, 1269.000000, 4160.000000, 4320.000000, 0.210000
296.689308, -0.274293, 0.258626, 1265.500000, 1269.000000, 4340.000000, 4500.000000, 0.210000
317.574774, -0.293689, 0.259445, 1265.500000, 1269.000000, 4520.000000, 4680.000000, 0.210000
339.164630, -0.313741, 0.260260, 1265.500000, 1269.000000, 4700.000000, 4860.000000, 0.210000
361.458774, -0.334449, 0.261071, 1265.500000, 1269.000000, 4880.000000, 5040.000000, 0.210000
384.457018, -0.355813, 0.261878, 1265.500000, 1269.000000, 5060.000000, 5220.000000, 0.210000
408.159091, -0.377832, 0.262681, 1265.500000, 1269.000000, 5240.000000, 5400.000000, 0.210000
432.564649, -0.400507, 0.263481, 1265.500000, 1269.000000, 5420.000000, 5580.000000, 0.210000
457.673279, -0.423836, 0.264278, 1265.500000, 1269.000000, 5600.000000, 5760.000000, 0.210000
483.484497, -0.447820, 0.265072, 1265.500000, 1269.000000, 5780.000000, 5940.000000, 0.210000
509.997760, -0.472458, 0.265864, 1265.500000, 1269.000000, 5960.000000, 6120.000000, 0.210000
537.212463, -0.497749, 0.266653, 1265.500000, 1269.000000, 6140.000000, 6300.000000, 0.210000
565.127946, -0.523694, 0.267439, 1265.500000, 1269.000000, 6320.000000, 6480.000000, 0.210000
592.126855, -0.548790, 0.268180, 1265.500000, 1269.000000, 6500.000000, 6640.000000, 0.210000
618.115479, -0.572947, 0.268875, 1265.500000, 1269.000000, 6660.000000, 6800.000000, 0.210000
644.656099, -0.597619, 0.269569, 1265.500000, 1269.000000, 6820.000000, 6960.000000, 0.210000
671.748114, -0.622805, 0.270261, 1265.500000, 1269.000000, 6980.000000, 7120.000000, 0.210000
699.390894, -0.648505, 0.270952, 1265.500000, 1269.000000, 7140.000000, 7280.000000, 0.210000
727.583782, -0.674718, 0.271641, 1265.500000, 1269.000000, 7300.000000, 7440.000000, 0.210000
756.326091, -0.701444, 0.272330, 1265.500000, 1269.000000, 7460.000000, 7600.000000, 0.210000
785.617111, -0.728681, 0.273016, 1265.500000, 1269.000000, 7620.000000, 7760.000000, 0.210000
815.456101, -0.756431, 0.273702, 1265.500000, 1269.000000, 7780.000000, 7920.000000, 0.210000
845.842301, -0.784691, 0.274386, 1265.500000, 1269.000000, 7940.000000, 8080.000000, 0.210000
876.774921, -0.813462, 0.275069, 1265.500000, 1269.000000, 8100.000000, 8240.000000, 0.210000
908.253150, -0.842742, 0.275751, 1265.500000, 1269.000000, 8260.000000, 8400.000000, 0.210000
940.276153, -0.872532, 0.276432, 1265.500000, 1269.000000, 8420.000000, 8560.000000, 0.210000
972.843072, -0.902829, 0.277113, 1265.500000, 1269.000000, 8580.000000, 8720.000000, 0.210000
1005.953026, -0.933635, 0.277792, 1265.500000, 1269.000000, 8740.000000, 8880.000000, 0.210000
1039.605115, -0.964948, 0.278470, 1265.500000, 1269.000000, 8900.000000, 9040.000000, 0.210000
1073.798414, -0.996767, 0.279147, 1265.500000, 1269.000000, 9060.000000, 9200.000000, 0.210000
1108.531980, -1.029091, 0.279823, 1265.500000, 1269.000000, 9220.000000, 9360.000000, 0.210000
1143.804847, -1.061921, 0.280499, 1265.500000, 1269.000000, 9380.000000, 9520.000000, 0.210000
1179.616031, -1.095254, 0.281174, 1265.500000, 1269.000000, 9540.000000, 9680.000000, 0.210000
1215.964529, -1.129091, 0.281848, 1265.500000, 1269.000000, 9700.000000, 9840.000000, 0.210000
1252.849315, -1.163430, 0.282521, 1265.500000, 1269.000000, 9860.000000, 10000.000000, 0.210000
87.504434, -0.080054, 0.247071, 1269.500000, 1273.000000, 2000.000000, 2160.000000, 0.210000
98.985247, -0.090671, 0.248000, 1269.500000, 1273.000000, 2180.000000, 2340.000000, 0.210000
111.132537, -0.101909, 0.248910, 1269.500000, 1273.000000, 2360.000000, 2520.000000, 0.210000
123.948949, -0.113771, 0.249805, 1269.500000, 1273.000000, 2540.000000, 2700.000000, 0.210000
137.436674, -0.126259, 0.250686, 1269.500000, 1273.000000, 2720.000000, 2880.000000, 0.210000
151.597539, -0.139374, 0.251555, 1269.500000, 1273.000000, 2900.000000, 3060.000000, 0.210000
166.433059, -0.153117, 0.252414, 1269.500000, 1273.000000, 3080.000000, 3240.000000, 0.210000
181.944493, -0.167490, 0.253263, 1269.500000, 1273.000000, 3260.000000, 3420.000000, 0.210000
198.132876, -0.182494, 0.254104, 1269.500000, 1273.000000, 3440.000000, 3600.000000, 0.210000
214.999049, -0.198128, 0.254938, 1269.500000, 1273.000000, 3620.000000, 3780.000000, 0.210000
232.543687, -0.214393, 0.255764, 1269.500000, 1273.000000, 3800.000000, 3960.000000, 0.210000
250.767313, -0.231290, 0.256585, 1269.500000, 1273.000000, 3980.000000, 4140.000000, 0.210000
269.670319, -0.248820, 0.257399, 1269.500000, 1273.000000, 4160.000000, 4320.000000, 0.210000
289.252974, -0.266982, 0.258209, 1269.500000, 1273.000000, 4340.000000, 4500.000000, 0.210000
309.515441, -0.285776, 0.259014, 1269.500000, 1273.000000, 4520.000000, 4680.000000, 0.210000
330.457783, -0.305203, 0.259814, 1269.500000, 1273.000000, 4700.000000, 4860.000000, 0.210000
352.079971, -0.325262, 0.260611, 1269.500000, 1273.000000, 4880.000000, 5040.000000, 0.210000
374.381893, -0.345954, 0.261403, 1269.500000, 1273.000000, 5060.000000, 5220.000000, 0.210000
397.363358, -0.367278, 0.262192, 1269.500000, 1273.000000, 5240.000000, 5400.000000, 0.210000
421.024104, -0.389234, 0.262978, 1269.500000, 1273.000000, 5420.000000, 5580.000000, 0.210000
445.363796, -0.411823, 0.263761, 1269.500000, 1273.000000, 5600.000000, 5760.000000, 0.210000
470.382040, -0.435042, 0.264541, 1269.500000, 1273.000000, 5780.000000, 5940.000000, 0.210000
496.078377, -0.458893, 0.265318, 1269.500000, 1273.000000, 5960.000000, 6120.000000, 0.210000
522.452293, -0.483375, 0.266093, 1269.500000, 1273.000000, 6140.000000, 6300.000000, 0.210000
549.503218, -0.508487, 0.266865, 1269.500000, 1273.000000, 6320.000000, 6480.000000, 0.210000
575.664107, -0.532777, 0.267592, 1269.500000, 1273.000000, 6500.000000, 6640.000000, 0.210000
600.844548, -0.556156, 0.268275, 1269.500000, 1273.000000, 6660.000000, 6800.000000, 0.210000
626.558416, -0.580032, 0.268956, 1269.500000, 1273.000000, 6820.000000, 6960.000000, 0.210000
652.805177, -0.604405, 0.269636, 1269.500000, 1273.000000, 6980.000000, 7120.000000, 0.210000
679.584273, -0.629274, 0.270314, 1269.500000, 1273.000000, 7140.000000, 7280.000000, 0.210000
706.895117, -0.654638, 0.270991, 1269.500000, 1273.000000, 7300.000000, 7440.000000, 0.210000
734.737096, -0.680497, 0.271666, 1269.500000, 1273.000000, 7460.000000, 7600.000000, 0.210000
763.109570, -0.706852, 0.272340, 1269.500000, 1273.000000, 7620.000000, 7760.000000, 0.210000
792.011876, -0.733700, 0.273013, 1269.500000, 1273.000000, 7780.000000, 7920.000000, 0.210000
821.443327, -0.761042, 0.273685, 1269.500000, 1273.000000, 7940.000000, 8080.000000, 0.210000
851.403210, -0.788877, 0.274355, 1269.500000, 1273.000000, 8100.000000, 8240.000000, 0.210000
881.890791, -0.817205, 0.275025, 1269.500000, 1273.000000, 8260.000000, 8400.000000, 0.210000
912.905314, -0.846025, 0.275694, 1269.500000, 1273.000000, 8420.000000, 8560.000000, 0.210000
944.445999, -0.875336, 0.276361, 1269.500000, 1273.000000, 8580.000000, 8720.000000, 0.210000
976.512046, -0.905138, 0.277028, 1269.500000, 1273.000000, 8740.000000, 8880.000000, 0.210000
1009.102633, -0.935430, 0.277694, 1269.500000, 1273.000000, 8900.000000, 9040.000000, 0.210000
1042.216920, -0.966211, 0.278358, 1269.500000, 1273.000000, 9060.000000, 9200.000000, 0.210000
1075.854043, -0.997482, 0.279022, 1269.500000, 1273.000000, 9220.000000, 9360.000000, 0.210000
1110.013121, -1.029240, 0.279686, 1269.500000, 1273.000000, 9380.000000, 9520.000000, 0.210000
1144.693253, -1.061486, 0.280348, 1269.500000, 1273.000000, 9540.000000, 9680.000000, 0.210000
1179.893519, -1.094219, 0.281010, 1269.500000, 1273.000000, 9700.000000, 9840.000000, 0.210000
1215.612981, -1.127438, 0.281671, 1269.500000, 1273.000000, 9860.000000, 10000.000000, 0.210000
